# PDFs do proton: xf(x,Q^2), HERAPDF2.0 LO (parametrizacao de gluon alternativa)
# H1 and ZEUS Collaborations, Eur. Phys. J. C 75 (2015) 580, arXiv:1506.06042
# fonte: https://www.desy.de/h1zeus/herapdf20/grids_151021_lhapdf/HERAPDF20_LO_EIG.tgz
# extraido do membro central (0000) por interpolacao bilinear em (ln x, ln Q)
# Q2[GeV^2]  x  xu_v  xd_v  xubar  xdbar  xs  xc  xb  xg
10.0 1.000000e-05 4.021316e-03 7.182860e-04 1.712163e+00 1.712049e+00 1.396797e+00 7.350856e-01 0.000000e+00 6.095283e+01
10.0 1.053470e-05 4.142366e-03 7.456436e-04 1.692507e+00 1.692389e+00 1.380342e+00 7.253533e-01 0.000000e+00 6.007153e+01
10.0 1.109799e-05 4.271326e-03 7.756606e-04 1.673317e+00 1.673193e+00 1.364282e+00 7.158665e-01 0.000000e+00 5.921432e+01
10.0 1.169140e-05 4.400287e-03 8.056776e-04 1.654126e+00 1.653998e+00 1.348221e+00 7.063797e-01 0.000000e+00 5.835712e+01
10.0 1.231653e-05 4.533753e-03 8.369037e-04 1.635166e+00 1.635032e+00 1.332354e+00 6.970138e-01 0.000000e+00 5.751175e+01
10.0 1.297510e-05 4.674095e-03 8.699741e-04 1.616555e+00 1.616415e+00 1.316783e+00 6.878322e-01 0.000000e+00 5.668445e+01
10.0 1.366887e-05 4.814436e-03 9.030445e-04 1.597944e+00 1.597798e+00 1.301212e+00 6.786506e-01 0.000000e+00 5.585715e+01
10.0 1.439974e-05 4.962074e-03 9.382953e-04 1.579654e+00 1.579503e+00 1.285914e+00 6.696385e-01 0.000000e+00 5.504643e+01
10.0 1.516970e-05 5.115165e-03 9.751752e-04 1.561605e+00 1.561447e+00 1.270819e+00 6.607531e-01 0.000000e+00 5.424809e+01
10.0 1.598082e-05 5.268255e-03 1.012055e-03 1.543556e+00 1.543392e+00 1.255724e+00 6.518677e-01 0.000000e+00 5.344975e+01
10.0 1.683531e-05 5.431322e-03 1.051916e-03 1.525916e+00 1.525745e+00 1.240975e+00 6.431974e-01 0.000000e+00 5.267242e+01
10.0 1.773549e-05 5.597736e-03 1.092778e-03 1.508413e+00 1.508236e+00 1.226342e+00 6.345993e-01 0.000000e+00 5.190214e+01
10.0 1.868381e-05 5.764150e-03 1.133640e-03 1.490910e+00 1.490726e+00 1.211709e+00 6.260012e-01 0.000000e+00 5.113186e+01
10.0 1.968283e-05 5.944245e-03 1.179336e-03 1.473898e+00 1.473705e+00 1.197491e+00 6.176609e-01 0.000000e+00 5.038671e+01
10.0 2.073526e-05 6.125448e-03 1.225424e-03 1.456925e+00 1.456724e+00 1.183306e+00 6.093415e-01 0.000000e+00 4.964359e+01
10.0 2.184398e-05 6.308219e-03 1.271980e-03 1.440004e+00 1.439795e+00 1.169165e+00 6.010495e-01 0.000000e+00 4.890314e+01
10.0 2.301197e-05 6.504871e-03 1.322672e-03 1.423546e+00 1.423328e+00 1.155415e+00 5.930004e-01 0.000000e+00 4.818632e+01
10.0 2.424242e-05 6.701523e-03 1.373364e-03 1.407088e+00 1.406860e+00 1.141665e+00 5.849514e-01 0.000000e+00 4.746951e+01
10.0 2.553865e-05 6.903133e-03 1.425532e-03 1.390769e+00 1.390532e+00 1.128032e+00 5.769752e-01 0.000000e+00 4.675977e+01
10.0 2.690420e-05 7.117626e-03 1.481536e-03 1.374810e+00 1.374563e+00 1.114704e+00 5.691884e-01 0.000000e+00 4.606842e+01
10.0 2.834277e-05 7.332120e-03 1.537541e-03 1.358851e+00 1.358595e+00 1.101376e+00 5.614016e-01 0.000000e+00 4.537708e+01
10.0 2.985825e-05 7.554940e-03 1.596762e-03 1.343113e+00 1.342846e+00 1.088234e+00 5.537303e-01 0.000000e+00 4.469693e+01
10.0 3.145477e-05 7.787763e-03 1.659850e-03 1.327639e+00 1.327360e+00 1.075316e+00 5.461979e-01 0.000000e+00 4.403025e+01
10.0 3.313665e-05 8.020586e-03 1.722937e-03 1.312165e+00 1.311875e+00 1.062398e+00 5.386655e-01 0.000000e+00 4.336357e+01
10.0 3.490846e-05 8.266641e-03 1.790268e-03 1.296988e+00 1.296686e+00 1.049730e+00 5.312886e-01 0.000000e+00 4.271194e+01
10.0 3.677501e-05 8.520446e-03 1.860084e-03 1.281985e+00 1.281670e+00 1.037209e+00 5.240028e-01 0.000000e+00 4.206912e+01
10.0 3.874136e-05 8.774251e-03 1.929901e-03 1.266981e+00 1.266655e+00 1.024689e+00 5.167170e-01 0.000000e+00 4.142631e+01
10.0 4.081286e-05 9.045814e-03 2.006043e-03 1.252347e+00 1.252007e+00 1.012479e+00 5.096243e-01 0.000000e+00 4.080215e+01
10.0 4.299512e-05 9.321624e-03 2.083699e-03 1.237801e+00 1.237446e+00 1.000343e+00 5.025777e-01 0.000000e+00 4.018245e+01
10.0 4.529406e-05 9.597434e-03 2.161355e-03 1.223255e+00 1.222886e+00 9.882075e-01 4.955312e-01 0.000000e+00 3.956275e+01
10.0 4.771593e-05 9.897059e-03 2.247886e-03 1.209145e+00 1.208760e+00 9.764397e-01 4.887127e-01 0.000000e+00 3.896505e+01
10.0 5.026729e-05 1.019709e-02 2.334568e-03 1.195042e+00 1.194641e+00 9.646782e-01 4.818981e-01 0.000000e+00 3.836772e+01
10.0 5.295507e-05 1.050131e-02 2.422729e-03 1.181008e+00 1.180591e+00 9.529745e-01 4.751194e-01 0.000000e+00 3.777385e+01
10.0 5.578657e-05 1.082763e-02 2.518667e-03 1.167335e+00 1.166900e+00 9.415756e-01 4.685296e-01 0.000000e+00 3.719817e+01
10.0 5.876947e-05 1.115395e-02 2.614604e-03 1.153662e+00 1.153210e+00 9.301766e-01 4.619398e-01 0.000000e+00 3.662249e+01
10.0 6.191187e-05 1.148982e-02 2.714159e-03 1.140130e+00 1.139660e+00 9.188959e-01 4.554233e-01 0.000000e+00 3.605386e+01
10.0 6.522229e-05 1.184452e-02 2.820855e-03 1.126875e+00 1.126385e+00 9.078486e-01 4.490516e-01 0.000000e+00 3.549913e+01
10.0 6.870971e-05 1.219922e-02 2.927551e-03 1.113621e+00 1.113111e+00 8.968014e-01 4.426799e-01 0.000000e+00 3.494441e+01
10.0 7.238361e-05 1.256996e-02 3.040488e-03 1.100574e+00 1.100043e+00 8.859289e-01 4.364165e-01 0.000000e+00 3.440008e+01
10.0 7.625395e-05 1.295596e-02 3.159359e-03 1.087724e+00 1.087171e+00 8.752226e-01 4.302560e-01 0.000000e+00 3.386563e+01
10.0 8.033124e-05 1.334196e-02 3.278231e-03 1.074874e+00 1.074299e+00 8.645162e-01 4.240955e-01 0.000000e+00 3.333117e+01
10.0 8.462654e-05 1.375065e-02 3.406097e-03 1.062295e+00 1.061696e+00 8.540376e-01 4.180762e-01 0.000000e+00 3.281024e+01
10.0 8.915151e-05 1.416959e-02 3.538024e-03 1.049839e+00 1.049215e+00 8.436619e-01 4.121206e-01 0.000000e+00 3.229541e+01
10.0 9.391843e-05 1.458852e-02 3.669952e-03 1.037383e+00 1.036734e+00 8.332861e-01 4.061650e-01 0.000000e+00 3.178059e+01
10.0 9.894023e-05 1.503931e-02 3.814466e-03 1.025257e+00 1.024580e+00 8.231875e-01 4.003811e-01 0.000000e+00 3.128218e+01
10.0 1.042306e-04 1.549506e-02 3.960940e-03 1.013182e+00 1.012478e+00 8.131320e-01 3.946239e-01 0.000000e+00 3.078633e+01
10.0 1.098037e-04 1.595246e-02 4.108099e-03 1.001123e+00 1.000390e+00 8.030894e-01 3.888748e-01 0.000000e+00 3.029124e+01
10.0 1.156749e-04 1.644786e-02 4.271007e-03 9.894176e-01 9.886546e-01 7.933444e-01 3.833100e-01 0.000000e+00 2.981377e+01
10.0 1.218601e-04 1.694326e-02 4.433915e-03 9.777127e-01 9.769188e-01 7.835994e-01 3.777452e-01 0.000000e+00 2.933629e+01
10.0 1.283759e-04 1.744803e-02 4.600734e-03 9.660861e-01 9.652605e-01 7.739199e-01 3.722210e-01 0.000000e+00 2.886268e+01
10.0 1.352401e-04 1.798644e-02 4.781581e-03 9.547403e-01 9.538799e-01 7.644755e-01 3.668424e-01 0.000000e+00 2.840297e+01
10.0 1.424714e-04 1.852486e-02 4.962427e-03 9.433945e-01 9.424993e-01 7.550310e-01 3.614638e-01 0.000000e+00 2.794325e+01
10.0 1.500893e-04 1.908166e-02 5.151182e-03 9.321861e-01 9.312545e-01 7.457014e-01 3.561564e-01 0.000000e+00 2.749031e+01
10.0 1.581146e-04 1.966669e-02 5.352079e-03 9.211884e-01 9.202180e-01 7.365482e-01 3.509583e-01 0.000000e+00 2.704777e+01
10.0 1.665689e-04 2.025172e-02 5.552975e-03 9.101908e-01 9.091816e-01 7.273949e-01 3.457602e-01 0.000000e+00 2.660523e+01
10.0 1.754754e-04 2.086556e-02 5.766520e-03 8.993859e-01 8.983353e-01 7.184026e-01 3.406619e-01 0.000000e+00 2.617219e+01
10.0 1.848580e-04 2.150106e-02 5.989574e-03 8.887260e-01 8.876319e-01 7.095313e-01 3.356385e-01 0.000000e+00 2.574627e+01
10.0 1.947423e-04 2.213655e-02 6.212628e-03 8.780661e-01 8.769286e-01 7.006599e-01 3.306152e-01 0.000000e+00 2.532036e+01
10.0 2.051552e-04 2.281305e-02 6.454058e-03 8.676506e-01 8.664659e-01 6.919923e-01 3.257182e-01 0.000000e+00 2.490645e+01
10.0 2.161248e-04 2.350342e-02 6.701706e-03 8.573179e-01 8.560847e-01 6.833936e-01 3.208640e-01 0.000000e+00 2.449660e+01
10.0 2.276810e-04 2.419378e-02 6.949353e-03 8.469852e-01 8.457034e-01 6.747949e-01 3.160098e-01 0.000000e+00 2.408675e+01
10.0 2.398550e-04 2.493895e-02 7.222126e-03 8.369457e-01 8.356101e-01 6.664399e-01 3.113068e-01 0.000000e+00 2.369126e+01
10.0 2.526800e-04 2.568864e-02 7.496978e-03 8.269305e-01 8.255406e-01 6.581051e-01 3.066164e-01 0.000000e+00 2.329696e+01
10.0 2.661908e-04 2.644477e-02 7.774846e-03 8.169459e-01 8.155012e-01 6.497958e-01 3.019418e-01 0.000000e+00 2.290415e+01
10.0 2.804240e-04 2.725880e-02 8.079864e-03 8.072382e-01 8.057329e-01 6.417159e-01 2.974098e-01 0.000000e+00 2.252487e+01
10.0 2.954182e-04 2.807283e-02 8.384882e-03 7.975304e-01 7.959645e-01 6.336361e-01 2.928779e-01 0.000000e+00 2.214559e+01
10.0 3.112142e-04 2.890610e-02 8.699122e-03 7.879050e-01 7.862766e-01 6.256244e-01 2.883883e-01 0.000000e+00 2.177032e+01
10.0 3.278548e-04 2.978976e-02 9.037507e-03 7.784953e-01 7.767993e-01 6.177911e-01 2.840096e-01 0.000000e+00 2.140556e+01
10.0 3.453851e-04 3.067343e-02 9.375892e-03 7.690856e-01 7.673219e-01 6.099577e-01 2.796309e-01 0.000000e+00 2.104080e+01
10.0 3.638528e-04 3.159121e-02 9.731005e-03 7.598066e-01 7.579717e-01 6.022320e-01 2.753193e-01 0.000000e+00 2.068240e+01
10.0 3.833080e-04 3.255025e-02 1.010634e-02 7.506856e-01 7.487751e-01 5.946366e-01 2.710888e-01 0.000000e+00 2.033168e+01
10.0 4.038034e-04 3.350928e-02 1.048167e-02 7.415646e-01 7.395786e-01 5.870412e-01 2.668584e-01 0.000000e+00 1.998096e+01
10.0 4.253947e-04 3.451961e-02 1.088273e-02 7.326195e-01 7.305524e-01 5.795901e-01 2.627181e-01 0.000000e+00 1.963877e+01
10.0 4.481405e-04 3.556016e-02 1.129895e-02 7.237781e-01 7.216267e-01 5.722242e-01 2.586310e-01 0.000000e+00 1.930162e+01
10.0 4.721025e-04 3.660072e-02 1.171518e-02 7.149366e-01 7.127010e-01 5.648584e-01 2.545438e-01 0.000000e+00 1.896447e+01
10.0 4.973457e-04 3.771220e-02 1.216776e-02 7.063133e-01 7.039854e-01 5.576707e-01 2.505682e-01 0.000000e+00 1.863788e+01
10.0 5.239387e-04 3.884082e-02 1.262913e-02 6.977425e-01 6.953206e-01 5.505261e-01 2.466195e-01 0.000000e+00 1.831384e+01
10.0 5.519537e-04 3.996943e-02 1.309050e-02 6.891718e-01 6.866558e-01 5.433815e-01 2.426708e-01 0.000000e+00 1.798980e+01
10.0 5.814665e-04 4.119150e-02 1.360087e-02 6.808583e-01 6.782376e-01 5.364462e-01 2.388535e-01 0.000000e+00 1.767820e+01
10.0 6.125575e-04 4.241530e-02 1.411215e-02 6.725495e-01 6.698239e-01 5.295147e-01 2.350386e-01 0.000000e+00 1.736683e+01
10.0 6.453108e-04 4.365536e-02 1.463214e-02 6.642809e-01 6.614484e-01 5.226157e-01 2.312442e-01 0.000000e+00 1.705740e+01
10.0 6.798155e-04 4.498198e-02 1.519853e-02 6.562255e-01 6.532762e-01 5.158893e-01 2.275584e-01 0.000000e+00 1.675826e+01
10.0 7.161651e-04 4.630859e-02 1.576491e-02 6.481701e-01 6.451039e-01 5.091629e-01 2.238726e-01 0.000000e+00 1.645913e+01
10.0 7.544584e-04 4.767225e-02 1.635167e-02 6.401968e-01 6.370091e-01 5.025024e-01 2.202286e-01 0.000000e+00 1.616396e+01
10.0 7.947992e-04 4.910959e-02 1.697893e-02 6.323865e-01 6.290685e-01 4.959730e-01 2.166674e-01 0.000000e+00 1.587665e+01
10.0 8.372970e-04 5.054692e-02 1.760619e-02 6.245762e-01 6.211279e-01 4.894435e-01 2.131062e-01 0.000000e+00 1.558934e+01
10.0 8.820671e-04 5.204529e-02 1.826771e-02 6.168869e-01 6.133007e-01 4.830107e-01 2.096064e-01 0.000000e+00 1.530786e+01
10.0 9.292311e-04 5.360206e-02 1.896203e-02 6.093134e-01 6.055820e-01 4.766703e-01 2.061654e-01 0.000000e+00 1.503198e+01
10.0 9.789170e-04 5.515883e-02 1.965634e-02 6.017398e-01 5.978634e-01 4.703298e-01 2.027243e-01 0.000000e+00 1.475609e+01
10.0 1.031259e-03 5.680396e-02 2.040149e-02 5.943235e-01 5.902907e-01 4.641138e-01 1.993629e-01 0.000000e+00 1.448778e+01
10.0 1.086401e-03 5.848927e-02 2.116974e-02 5.869786e-01 5.827843e-01 4.579544e-01 1.960377e-01 0.000000e+00 1.422292e+01
10.0 1.144490e-03 6.017457e-02 2.193800e-02 5.796337e-01 5.752779e-01 4.517950e-01 1.927124e-01 0.000000e+00 1.395805e+01
10.0 1.205686e-03 6.197920e-02 2.277658e-02 5.724796e-01 5.679465e-01 4.457851e-01 1.894835e-01 0.000000e+00 1.370239e+01
10.0 1.270154e-03 6.380264e-02 2.362625e-02 5.653555e-01 5.606428e-01 4.397987e-01 1.862698e-01 0.000000e+00 1.344817e+01
10.0 1.338069e-03 6.563204e-02 2.447951e-02 5.582400e-01 5.533468e-01 4.338190e-01 1.830604e-01 0.000000e+00 1.319437e+01
10.0 1.409615e-03 6.760393e-02 2.541871e-02 5.513287e-01 5.462358e-01 4.279977e-01 1.799540e-01 0.000000e+00 1.295043e+01
10.0 1.484987e-03 6.957583e-02 2.635791e-02 5.444174e-01 5.391248e-01 4.221764e-01 1.768476e-01 0.000000e+00 1.270649e+01
10.0 1.564389e-03 7.158216e-02 2.731840e-02 5.375505e-01 5.320535e-01 4.163891e-01 1.737635e-01 0.000000e+00 1.246470e+01
10.0 1.648037e-03 7.371309e-02 2.835596e-02 5.308443e-01 5.251254e-01 4.107249e-01 1.707603e-01 0.000000e+00 1.223067e+01
10.0 1.736157e-03 7.584401e-02 2.939351e-02 5.241381e-01 5.181974e-01 4.050607e-01 1.677571e-01 0.000000e+00 1.199665e+01
10.0 1.828989e-03 7.804184e-02 3.047349e-02 5.175094e-01 5.113373e-01 3.994551e-01 1.647929e-01 0.000000e+00 1.176639e+01
10.0 1.926785e-03 8.034302e-02 3.161904e-02 5.110006e-01 5.045823e-01 3.939399e-01 1.618888e-01 0.000000e+00 1.154193e+01
10.0 2.029810e-03 8.264421e-02 3.276458e-02 5.044918e-01 4.978273e-01 3.884247e-01 1.589847e-01 0.000000e+00 1.131747e+01
10.0 2.138344e-03 8.504898e-02 3.397748e-02 4.980909e-01 4.911650e-01 3.829898e-01 1.561348e-01 0.000000e+00 1.109827e+01
10.0 2.252681e-03 8.753210e-02 3.524134e-02 4.917718e-01 4.845730e-01 3.776156e-01 1.533259e-01 0.000000e+00 1.088304e+01
10.0 2.373131e-03 9.001523e-02 3.650519e-02 4.854527e-01 4.779809e-01 3.722414e-01 1.505170e-01 0.000000e+00 1.066781e+01
10.0 2.500022e-03 9.264295e-02 3.786551e-02 4.792693e-01 4.715028e-01 3.669661e-01 1.477762e-01 0.000000e+00 1.045921e+01
10.0 2.633698e-03 9.531998e-02 3.925872e-02 4.731322e-01 4.650635e-01 3.617246e-01 1.450586e-01 0.000000e+00 1.025288e+01
10.0 2.774521e-03 9.799700e-02 4.065192e-02 4.669952e-01 4.586242e-01 3.564832e-01 1.423409e-01 0.000000e+00 1.004654e+01
10.0 2.922875e-03 1.008642e-01 4.217546e-02 4.610190e-01 4.523163e-01 3.513566e-01 1.397039e-01 0.000000e+00 9.848115e+00
10.0 3.079160e-03 1.037474e-01 4.371001e-02 4.550564e-01 4.460194e-01 3.462397e-01 1.370737e-01 0.000000e+00 9.650353e+00
10.0 3.243803e-03 1.066521e-01 4.525972e-02 4.491103e-01 4.397356e-01 3.411342e-01 1.344518e-01 0.000000e+00 9.453405e+00
10.0 3.417248e-03 1.097540e-01 4.694826e-02 4.433147e-01 4.335707e-01 3.361336e-01 1.319053e-01 0.000000e+00 9.263901e+00
10.0 3.599968e-03 1.128558e-01 4.863680e-02 4.375191e-01 4.274058e-01 3.311330e-01 1.293589e-01 0.000000e+00 9.074396e+00
10.0 3.792458e-03 1.160212e-01 5.037133e-02 4.317672e-01 4.212743e-01 3.261620e-01 1.268345e-01 0.000000e+00 8.887076e+00
10.0 3.995240e-03 1.193541e-01 5.222719e-02 4.261308e-01 4.152308e-01 3.212693e-01 1.243682e-01 0.000000e+00 8.705520e+00
10.0 4.208865e-03 1.226870e-01 5.408305e-02 4.204945e-01 4.091873e-01 3.163766e-01 1.219018e-01 0.000000e+00 8.523964e+00
10.0 4.433912e-03 1.261298e-01 5.602077e-02 4.149265e-01 4.031937e-01 3.115288e-01 1.194701e-01 0.000000e+00 8.345858e+00
10.0 4.670993e-03 1.297060e-01 5.805805e-02 4.094417e-01 3.972607e-01 3.067356e-01 1.170804e-01 0.000000e+00 8.171945e+00
10.0 4.920750e-03 1.332822e-01 6.009532e-02 4.039568e-01 3.913277e-01 3.019423e-01 1.146906e-01 0.000000e+00 7.998033e+00
10.0 5.183862e-03 1.370186e-01 6.225564e-02 3.985622e-01 3.854572e-01 2.972062e-01 1.123468e-01 0.000000e+00 7.828732e+00
10.0 5.461042e-03 1.408499e-01 6.448896e-02 3.932212e-01 3.796238e-01 2.925039e-01 1.100302e-01 0.000000e+00 7.662166e+00
10.0 5.753043e-03 1.446812e-01 6.672228e-02 3.878801e-01 3.737904e-01 2.878017e-01 1.077137e-01 0.000000e+00 7.495600e+00
10.0 6.060658e-03 1.487265e-01 6.912508e-02 3.826482e-01 3.680283e-01 2.831658e-01 1.054534e-01 0.000000e+00 7.334703e+00
10.0 6.384720e-03 1.528240e-01 7.156921e-02 3.774428e-01 3.622835e-01 2.785460e-01 1.032068e-01 0.000000e+00 7.175187e+00
10.0 6.726110e-03 1.569215e-01 7.401333e-02 3.722375e-01 3.565387e-01 2.739262e-01 1.009602e-01 0.000000e+00 7.015672e+00
10.0 7.085755e-03 1.612896e-01 7.667895e-02 3.671572e-01 3.508699e-01 2.693791e-01 9.877921e-02 0.000000e+00 6.862782e+00
10.0 7.464629e-03 1.656632e-01 7.934901e-02 3.620794e-01 3.452026e-01 2.648334e-01 9.659949e-02 0.000000e+00 6.710024e+00
10.0 7.863761e-03 1.700813e-01 8.205677e-02 3.570203e-01 3.395458e-01 2.602979e-01 9.442979e-02 0.000000e+00 6.558281e+00
10.0 8.284236e-03 1.747394e-01 8.496738e-02 3.520615e-01 3.339450e-01 2.558179e-01 9.231404e-02 0.000000e+00 6.411990e+00
10.0 8.727192e-03 1.793975e-01 8.787800e-02 3.471028e-01 3.283442e-01 2.513378e-01 9.019829e-02 0.000000e+00 6.265700e+00
10.0 9.193834e-03 1.841475e-01 9.086879e-02 3.421754e-01 3.227573e-01 2.468722e-01 8.809803e-02 0.000000e+00 6.121054e+00
10.0 9.685427e-03 1.890815e-01 9.402011e-02 3.373106e-01 3.171984e-01 2.424355e-01 8.602880e-02 0.000000e+00 5.979701e+00
10.0 1.020331e-02 1.940155e-01 9.717143e-02 3.324459e-01 3.116394e-01 2.379988e-01 8.395957e-02 0.000000e+00 5.838348e+00
10.0 1.074887e-02 1.990699e-01 1.004312e-01 3.276290e-01 3.061057e-01 2.335890e-01 8.192075e-02 0.000000e+00 5.699922e+00
10.0 1.132362e-02 2.042546e-01 1.038088e-01 3.228631e-01 3.005981e-01 2.292073e-01 7.991401e-02 0.000000e+00 5.564594e+00
10.0 1.192909e-02 2.095729e-01 1.073097e-01 3.181406e-01 2.951084e-01 2.248462e-01 7.793332e-02 0.000000e+00 5.431855e+00
10.0 1.256693e-02 2.149927e-01 1.109059e-01 3.134492e-01 2.896305e-01 2.204994e-01 7.597206e-02 0.000000e+00 5.301032e+00
10.0 1.323889e-02 2.204995e-01 1.145845e-01 3.087839e-01 2.841621e-01 2.161643e-01 7.402732e-02 0.000000e+00 5.171831e+00
10.0 1.394677e-02 2.261134e-01 1.183656e-01 3.041498e-01 2.787044e-01 2.118431e-01 7.210279e-02 0.000000e+00 5.044603e+00
10.0 1.469250e-02 2.318537e-01 1.222699e-01 2.995503e-01 2.732575e-01 2.075370e-01 7.020193e-02 0.000000e+00 4.919656e+00
10.0 1.547810e-02 2.376797e-01 1.262587e-01 2.949732e-01 2.678168e-01 2.032403e-01 6.831703e-02 0.000000e+00 4.796230e+00
10.0 1.630572e-02 2.435909e-01 1.303321e-01 2.904180e-01 2.623821e-01 1.989528e-01 6.644801e-02 0.000000e+00 4.674313e+00
10.0 1.717758e-02 2.496396e-01 1.345443e-01 2.858960e-01 2.569552e-01 1.946790e-01 6.460469e-02 0.000000e+00 4.554793e+00
10.0 1.809606e-02 2.557764e-01 1.388467e-01 2.813936e-01 2.515321e-01 1.904133e-01 6.277794e-02 0.000000e+00 4.436788e+00
10.0 1.906366e-02 2.619952e-01 1.432336e-01 2.769090e-01 2.461123e-01 1.861549e-01 6.096670e-02 0.000000e+00 4.320187e+00
10.0 2.008299e-02 2.683217e-01 1.477325e-01 2.724465e-01 2.406961e-01 1.819056e-01 5.917608e-02 0.000000e+00 4.205425e+00
10.0 2.115682e-02 2.747553e-01 1.523443e-01 2.680040e-01 2.352822e-01 1.776649e-01 5.740642e-02 0.000000e+00 4.092481e+00
10.0 2.228808e-02 2.812655e-01 1.570374e-01 2.635748e-01 2.298696e-01 1.734301e-01 5.565207e-02 0.000000e+00 3.980838e+00
10.0 2.347982e-02 2.878541e-01 1.618141e-01 2.591585e-01 2.244580e-01 1.692012e-01 5.391357e-02 0.000000e+00 3.870527e+00
10.0 2.473528e-02 2.945640e-01 1.667206e-01 2.547595e-01 2.190471e-01 1.649813e-01 5.220056e-02 0.000000e+00 3.762284e+00
10.0 2.605787e-02 3.013433e-01 1.717014e-01 2.503687e-01 2.136364e-01 1.607666e-01 5.050291e-02 0.000000e+00 3.655239e+00
10.0 2.745118e-02 3.081910e-01 1.767553e-01 2.459854e-01 2.082258e-01 1.565570e-01 4.882065e-02 0.000000e+00 3.549380e+00
10.0 2.891899e-02 3.151329e-01 1.819094e-01 2.416103e-01 2.028151e-01 1.523548e-01 4.716056e-02 0.000000e+00 3.445172e+00
10.0 3.046528e-02 3.221526e-01 1.871444e-01 2.372393e-01 1.974044e-01 1.481592e-01 4.552022e-02 0.000000e+00 3.342370e+00
10.0 3.209426e-02 3.292314e-01 1.924395e-01 2.328701e-01 1.919941e-01 1.439691e-01 4.389563e-02 0.000000e+00 3.240652e+00
10.0 3.381033e-02 3.363750e-01 1.977993e-01 2.285016e-01 1.865844e-01 1.397854e-01 4.228899e-02 0.000000e+00 3.140145e+00
10.0 3.561817e-02 3.436008e-01 2.032355e-01 2.241299e-01 1.811765e-01 1.356115e-01 4.070757e-02 0.000000e+00 3.041244e+00
10.0 3.752267e-02 3.508749e-01 2.087120e-01 2.197537e-01 1.757707e-01 1.314444e-01 3.914253e-02 0.000000e+00 2.943334e+00
10.0 3.952900e-02 3.581958e-01 2.142256e-01 2.153722e-01 1.703674e-01 1.272845e-01 3.759401e-02 0.000000e+00 2.846406e+00
10.0 4.164261e-02 3.655820e-01 2.197813e-01 2.109787e-01 1.649699e-01 1.231372e-01 3.607137e-02 0.000000e+00 2.750938e+00
10.0 4.386923e-02 3.730118e-01 2.253536e-01 2.065728e-01 1.595788e-01 1.190012e-01 3.456895e-02 0.000000e+00 2.656540e+00
10.0 4.621491e-02 3.804765e-01 2.309329e-01 2.021547e-01 1.541944e-01 1.148756e-01 3.308415e-02 0.000000e+00 2.563045e+00
10.0 4.868602e-02 3.879809e-01 2.365107e-01 1.977196e-01 1.488199e-01 1.107641e-01 3.162149e-02 0.000000e+00 2.470649e+00
10.0 5.128925e-02 3.955247e-01 2.420614e-01 1.932599e-01 1.434611e-01 1.066725e-01 3.018606e-02 0.000000e+00 2.379520e+00
10.0 5.403168e-02 4.030912e-01 2.475783e-01 1.887811e-01 1.381158e-01 1.025964e-01 2.876979e-02 0.000000e+00 2.289242e+00
10.0 5.692075e-02 4.106788e-01 2.530554e-01 1.842823e-01 1.327849e-01 9.853649e-02 2.737290e-02 0.000000e+00 2.199811e+00
10.0 5.996429e-02 4.182931e-01 2.584333e-01 1.797461e-01 1.274837e-01 9.450783e-02 2.600900e-02 0.000000e+00 2.111745e+00
10.0 6.317057e-02 4.259188e-01 2.637201e-01 1.751826e-01 1.222066e-01 9.050310e-02 2.466756e-02 0.000000e+00 2.024566e+00
10.0 6.654829e-02 4.335531e-01 2.689113e-01 1.705925e-01 1.169542e-01 8.652224e-02 2.334760e-02 0.000000e+00 1.938221e+00
10.0 7.010662e-02 4.411943e-01 2.739512e-01 1.659646e-01 1.117391e-01 8.257657e-02 2.205721e-02 0.000000e+00 1.852995e+00
10.0 7.385521e-02 4.488342e-01 2.787950e-01 1.612948e-01 1.065701e-01 7.867275e-02 2.079853e-02 0.000000e+00 1.768934e+00
10.0 7.780424e-02 4.564685e-01 2.834728e-01 1.565929e-01 1.014392e-01 7.480281e-02 1.956389e-02 0.000000e+00 1.685745e+00
10.0 8.196442e-02 4.640947e-01 2.879671e-01 1.518572e-01 9.635010e-02 7.096963e-02 1.835459e-02 0.000000e+00 1.603471e+00
10.0 8.634704e-02 4.716940e-01 2.921057e-01 1.470646e-01 9.134012e-02 6.720432e-02 1.718811e-02 0.000000e+00 1.522732e+00
10.0 9.096401e-02 4.792671e-01 2.959927e-01 1.422370e-01 8.638525e-02 6.348534e-02 1.604867e-02 0.000000e+00 1.442968e+00
10.0 9.582784e-02 4.868136e-01 2.996228e-01 1.373736e-01 8.148535e-02 5.981220e-02 1.493511e-02 0.000000e+00 1.364129e+00
10.0 1.009517e-01 4.943211e-01 3.028680e-01 1.324555e-01 7.666267e-02 5.620209e-02 1.385389e-02 0.000000e+00 1.286406e+00
10.0 1.063496e-01 5.017619e-01 3.057556e-01 1.275070e-01 7.192200e-02 5.265963e-02 1.280912e-02 0.000000e+00 1.210103e+00
10.0 1.120361e-01 5.091023e-01 3.081177e-01 1.225118e-01 6.729540e-02 4.920972e-02 1.181049e-02 0.000000e+00 1.135583e+00
10.0 1.180267e-01 5.163458e-01 3.100414e-01 1.174819e-01 6.276203e-02 4.583448e-02 1.084672e-02 0.000000e+00 1.062443e+00
10.0 1.243375e-01 5.234464e-01 3.114098e-01 1.124148e-01 5.834613e-02 4.255261e-02 9.924845e-03 0.000000e+00 9.910161e-01
10.0 1.309858e-01 5.303830e-01 3.122311e-01 1.073177e-01 5.404572e-02 3.936191e-02 9.042251e-03 0.000000e+00 9.212560e-01
10.0 1.379896e-01 5.371125e-01 3.124569e-01 1.021952e-01 4.987055e-02 3.626945e-02 8.200458e-03 0.000000e+00 8.532947e-01
10.0 1.453679e-01 5.435654e-01 3.119989e-01 9.705167e-02 4.583869e-02 3.328875e-02 7.403455e-03 0.000000e+00 7.873902e-01
10.0 1.531407e-01 5.497225e-01 3.109096e-01 9.189654e-02 4.193883e-02 3.041042e-02 6.646105e-03 0.000000e+00 7.233854e-01
10.0 1.613291e-01 5.554369e-01 3.090095e-01 8.673728e-02 3.820817e-02 2.766267e-02 5.937605e-03 0.000000e+00 6.618311e-01
10.0 1.699554e-01 5.606961e-01 3.063914e-01 8.158375e-02 3.462693e-02 2.502966e-02 5.270643e-03 0.000000e+00 6.024588e-01
10.0 1.790429e-01 5.653478e-01 3.029455e-01 7.644832e-02 3.121786e-02 2.252826e-02 4.649833e-03 0.000000e+00 5.456268e-01
10.0 1.886163e-01 5.692763e-01 2.986466e-01 7.134347e-02 2.798585e-02 2.016165e-02 4.074820e-03 0.000000e+00 4.914370e-01
10.0 1.987016e-01 5.724032e-01 2.935284e-01 6.628031e-02 2.492397e-02 1.792400e-02 3.542280e-03 0.000000e+00 4.398181e-01
10.0 2.093261e-01 5.744180e-01 2.874290e-01 6.128326e-02 2.206609e-02 1.584034e-02 3.058854e-03 0.000000e+00 3.913239e-01
10.0 2.205187e-01 5.753381e-01 2.804944e-01 5.635716e-02 1.938227e-02 1.388757e-02 2.615832e-03 0.000000e+00 3.455331e-01
10.0 2.323098e-01 5.747694e-01 2.725763e-01 5.153308e-02 1.690426e-02 1.208893e-02 2.218877e-03 0.000000e+00 3.029828e-01
10.0 2.447314e-01 5.726294e-01 2.637607e-01 4.682113e-02 1.461562e-02 1.043157e-02 1.862748e-03 0.000000e+00 2.634553e-01
10.0 2.578172e-01 5.686708e-01 2.540466e-01 4.224242e-02 1.251867e-02 8.916667e-03 1.546403e-03 0.000000e+00 2.270281e-01
10.0 2.716026e-01 5.624971e-01 2.433899e-01 3.782891e-02 1.062620e-02 7.553132e-03 1.270842e-03 0.000000e+00 1.939500e-01
10.0 2.861252e-01 5.541717e-01 2.319459e-01 3.357795e-02 8.908527e-03 6.318480e-03 1.028742e-03 0.000000e+00 1.637685e-01
10.0 3.014242e-01 5.429557e-01 2.196042e-01 2.954771e-02 7.397293e-03 5.235438e-03 8.244556e-04 0.000000e+00 1.370466e-01
10.0 3.175413e-01 5.290819e-01 2.065690e-01 2.572254e-02 6.053734e-03 4.275025e-03 6.494832e-04 0.000000e+00 1.131628e-01
10.0 3.345202e-01 5.120669e-01 1.928527e-01 2.214272e-02 4.886885e-03 3.443331e-03 5.039750e-04 0.000000e+00 9.229576e-02
10.0 3.524070e-01 4.917688e-01 1.785622e-01 1.882359e-02 3.885583e-03 2.731720e-03 3.847036e-04 0.000000e+00 7.427574e-02
10.0 3.712501e-01 4.683185e-01 1.638468e-01 1.576072e-02 3.028053e-03 2.123964e-03 2.870296e-04 0.000000e+00 5.874348e-02
10.0 3.911008e-01 4.411662e-01 1.487877e-01 1.301011e-02 2.324896e-03 1.627234e-03 2.112363e-04 0.000000e+00 4.589579e-02
10.0 4.120129e-01 4.110576e-01 1.335722e-01 1.051817e-02 1.734941e-03 1.211384e-03 1.500126e-04 0.000000e+00 3.496814e-02
10.0 4.340432e-01 3.776995e-01 1.183654e-01 8.340204e-03 1.266523e-03 8.824033e-04 1.045897e-04 0.000000e+00 2.622517e-02
10.0 4.572514e-01 3.415706e-01 1.033552e-01 6.463113e-03 9.000707e-04 6.258272e-04 7.112685e-05 0.000000e+00 1.928130e-02
10.0 4.817006e-01 3.032600e-01 8.873622e-02 4.874680e-03 6.193258e-04 4.298171e-04 4.693232e-05 0.000000e+00 1.384856e-02
10.0 5.074570e-01 2.634799e-01 7.471007e-02 3.562582e-03 4.105005e-04 2.844135e-04 2.994572e-05 0.000000e+00 9.691010e-03
10.0 5.345907e-01 2.231219e-01 6.148749e-02 2.510772e-03 2.607771e-04 1.804252e-04 1.843153e-05 0.000000e+00 6.591688e-03
10.0 5.631752e-01 1.832680e-01 4.927566e-02 1.696444e-03 1.578032e-04 1.090663e-04 1.090889e-05 0.000000e+00 4.343928e-03
10.0 5.932881e-01 1.450892e-01 3.824451e-02 1.088367e-03 8.988741e-05 6.208835e-05 6.153632e-06 0.000000e+00 2.753278e-03
10.0 6.250111e-01 1.097869e-01 2.854777e-02 6.553997e-04 4.756049e-05 3.285047e-05 3.278368e-06 0.000000e+00 1.664396e-03
10.0 6.584303e-01 7.850407e-02 2.030138e-02 3.646609e-04 2.295427e-05 1.586613e-05 1.627795e-06 0.000000e+00 9.479828e-04
10.0 6.936365e-01 5.219662e-02 1.356982e-02 1.832725e-04 9.843716e-06 6.815767e-06 7.374879e-07 0.000000e+00 4.992445e-04
10.0 7.307252e-01 3.150673e-02 8.357238e-03 8.049271e-05 3.608774e-06 2.505634e-06 2.924410e-07 0.000000e+00 2.353805e-04
10.0 7.697969e-01 1.671956e-02 4.618208e-03 2.972124e-05 1.087275e-06 7.587031e-07 9.971561e-08 0.000000e+00 9.674684e-05
10.0 8.109579e-01 7.329936e-03 2.173171e-03 8.430010e-06 2.420443e-07 1.702956e-07 2.640478e-08 0.000000e+00 3.193991e-05
10.0 8.543197e-01 2.379241e-03 7.945516e-04 1.584770e-06 3.379708e-08 2.411510e-08 4.690758e-09 0.000000e+00 7.454836e-06
10.0 9.000000e-01 4.510934e-04 1.848803e-04 1.438739e-07 2.096835e-09 1.536696e-09 4.114386e-10 0.000000e+00 9.394626e-07
100.0 1.000000e-05 5.055422e-03 1.033995e-03 3.783822e+00 3.783650e+00 3.481060e+00 2.845915e+00 1.622734e+00 1.553651e+02
100.0 1.053470e-05 5.206200e-03 1.072459e-03 3.727705e+00 3.727526e+00 3.428014e+00 2.799324e+00 1.593761e+00 1.525285e+02
100.0 1.109799e-05 5.366971e-03 1.114660e-03 3.673256e+00 3.673069e+00 3.376567e+00 2.754191e+00 1.565763e+00 1.497906e+02
100.0 1.169140e-05 5.527743e-03 1.156861e-03 3.618807e+00 3.618613e+00 3.325121e+00 2.709057e+00 1.537766e+00 1.470527e+02
100.0 1.231653e-05 5.694242e-03 1.200672e-03 3.565175e+00 3.564973e+00 3.274458e+00 2.664636e+00 1.510245e+00 1.443629e+02
100.0 1.297510e-05 5.869477e-03 1.246938e-03 3.512789e+00 3.512579e+00 3.224989e+00 2.621303e+00 1.483450e+00 1.417466e+02
100.0 1.366887e-05 6.044713e-03 1.293205e-03 3.460403e+00 3.460184e+00 3.175520e+00 2.577969e+00 1.456655e+00 1.391302e+02
100.0 1.439974e-05 6.228462e-03 1.342617e-03 3.409157e+00 3.408929e+00 3.127142e+00 2.535629e+00 1.430522e+00 1.365807e+02
100.0 1.516970e-05 6.418572e-03 1.394381e-03 3.358761e+00 3.358525e+00 3.079581e+00 2.494031e+00 1.404885e+00 1.340811e+02
100.0 1.598082e-05 6.608682e-03 1.446144e-03 3.308366e+00 3.308120e+00 3.032019e+00 2.452433e+00 1.379248e+00 1.315816e+02
100.0 1.683531e-05 6.811074e-03 1.501746e-03 3.259409e+00 3.259153e+00 2.985835e+00 2.412088e+00 1.354443e+00 1.291659e+02
100.0 1.773549e-05 7.017588e-03 1.558637e-03 3.210935e+00 3.210669e+00 2.940114e+00 2.372163e+00 1.329918e+00 1.267784e+02
100.0 1.868381e-05 7.224101e-03 1.615528e-03 3.162462e+00 3.162184e+00 2.894393e+00 2.332239e+00 1.305393e+00 1.243910e+02
100.0 1.968283e-05 7.447600e-03 1.678539e-03 3.115702e+00 3.115413e+00 2.850312e+00 2.293805e+00 1.281859e+00 1.221031e+02
100.0 2.073526e-05 7.672474e-03 1.742046e-03 3.069081e+00 3.068781e+00 2.806365e+00 2.255491e+00 1.258405e+00 1.198233e+02
100.0 2.184398e-05 7.899233e-03 1.806314e-03 3.022641e+00 3.022330e+00 2.762592e+00 2.217335e+00 1.235055e+00 1.175539e+02
100.0 2.301197e-05 8.142693e-03 1.877314e-03 2.977808e+00 2.977484e+00 2.720355e+00 2.180575e+00 1.212629e+00 1.153774e+02
100.0 2.424242e-05 8.386153e-03 1.948315e-03 2.932975e+00 2.932637e+00 2.678119e+00 2.143815e+00 1.190203e+00 1.132009e+02
100.0 2.553865e-05 8.635616e-03 2.021103e-03 2.888621e+00 2.888270e+00 2.636342e+00 2.107472e+00 1.168051e+00 1.110520e+02
100.0 2.690420e-05 8.900679e-03 2.098535e-03 2.845513e+00 2.845147e+00 2.595756e+00 2.072209e+00 1.146615e+00 1.089746e+02
100.0 2.834277e-05 9.165742e-03 2.175967e-03 2.802404e+00 2.802025e+00 2.555170e+00 2.036947e+00 1.125178e+00 1.068973e+02
100.0 2.985825e-05 9.441371e-03 2.257582e-03 2.760051e+00 2.759657e+00 2.515307e+00 2.002340e+00 1.104174e+00 1.048633e+02
100.0 3.145477e-05 9.729695e-03 2.344222e-03 2.718606e+00 2.718196e+00 2.476311e+00 1.968519e+00 1.083688e+00 1.028811e+02
100.0 3.313665e-05 1.001802e-02 2.430862e-03 2.677161e+00 2.676734e+00 2.437316e+00 1.934698e+00 1.063203e+00 1.008990e+02
100.0 3.490846e-05 1.032145e-02 2.523309e-03 2.636727e+00 2.636284e+00 2.399287e+00 1.901754e+00 1.043293e+00 9.897444e+01
100.0 3.677501e-05 1.063373e-02 2.619157e-03 2.596887e+00 2.596425e+00 2.361826e+00 1.869323e+00 1.023721e+00 9.708362e+01
100.0 3.874136e-05 1.094601e-02 2.715005e-03 2.557046e+00 2.556565e+00 2.324364e+00 1.836892e+00 1.004148e+00 9.519280e+01
100.0 4.081286e-05 1.128025e-02 2.819759e-03 2.518453e+00 2.517953e+00 2.288095e+00 1.805540e+00 9.852842e-01 9.337267e+01
100.0 4.299512e-05 1.161974e-02 2.926642e-03 2.480159e+00 2.479639e+00 2.252111e+00 1.774447e+00 9.665899e-01 9.156946e+01
100.0 4.529406e-05 1.195923e-02 3.033526e-03 2.441865e+00 2.441324e+00 2.216127e+00 1.743353e+00 9.478955e-01 8.976624e+01
100.0 4.771593e-05 1.232792e-02 3.150565e-03 2.405037e+00 2.404475e+00 2.181544e+00 1.713527e+00 9.300305e-01 8.804565e+01
100.0 5.026729e-05 1.269711e-02 3.267775e-03 2.368234e+00 2.367651e+00 2.146984e+00 1.683722e+00 9.121794e-01 8.632645e+01
100.0 5.295507e-05 1.307115e-02 3.387127e-03 2.331661e+00 2.331055e+00 2.112644e+00 1.654116e+00 8.944578e-01 8.462013e+01
100.0 5.578657e-05 1.347072e-02 3.517739e-03 2.296296e+00 2.295665e+00 2.079456e+00 1.625552e+00 8.774167e-01 8.298150e+01
100.0 5.876947e-05 1.387029e-02 3.648351e-03 2.260932e+00 2.260275e+00 2.046268e+00 1.596988e+00 8.603756e-01 8.134286e+01
100.0 6.191187e-05 1.428163e-02 3.783625e-03 2.226033e+00 2.225351e+00 2.013525e+00 1.568825e+00 8.435960e-01 7.973020e+01
100.0 6.522229e-05 1.471620e-02 3.928105e-03 2.192053e+00 2.191344e+00 1.981660e+00 1.541456e+00 8.273329e-01 7.816882e+01
100.0 6.870971e-05 1.515078e-02 4.072586e-03 2.158074e+00 2.157337e+00 1.949795e+00 1.514087e+00 8.110697e-01 7.660744e+01
100.0 7.238361e-05 1.560423e-02 4.225053e-03 2.124780e+00 2.124014e+00 1.918583e+00 1.487306e+00 7.951894e-01 7.508401e+01
100.0 7.625395e-05 1.607564e-02 4.385116e-03 2.092137e+00 2.091340e+00 1.887991e+00 1.461087e+00 7.796731e-01 7.359668e+01
100.0 8.033124e-05 1.654704e-02 4.545179e-03 2.059493e+00 2.058666e+00 1.857399e+00 1.434867e+00 7.641568e-01 7.210934e+01
100.0 8.462654e-05 1.704627e-02 4.717032e-03 2.027737e+00 2.026876e+00 1.827653e+00 1.409410e+00 7.491345e-01 7.067090e+01
100.0 8.915151e-05 1.755805e-02 4.894208e-03 1.996380e+00 1.995485e+00 1.798288e+00 1.384296e+00 7.343352e-01 6.925453e+01
100.0 9.391843e-05 1.806983e-02 5.071383e-03 1.965024e+00 1.964095e+00 1.768923e+00 1.359183e+00 7.195359e-01 6.783816e+01
100.0 9.894023e-05 1.861889e-02 5.264801e-03 1.934741e+00 1.933774e+00 1.740579e+00 1.334992e+00 7.053321e-01 6.648063e+01
100.0 1.042306e-04 1.917375e-02 5.460748e-03 1.904625e+00 1.903620e+00 1.712394e+00 1.310944e+00 6.912209e-01 6.513226e+01
100.0 1.098037e-04 1.973056e-02 5.657577e-03 1.874559e+00 1.873516e+00 1.684257e+00 1.286939e+00 6.771373e-01 6.378660e+01
100.0 1.156749e-04 2.033216e-02 5.874716e-03 1.845638e+00 1.844553e+00 1.657210e+00 1.263915e+00 6.636866e-01 6.250338e+01
100.0 1.218601e-04 2.093377e-02 6.091854e-03 1.816717e+00 1.815589e+00 1.630162e+00 1.240892e+00 6.502359e-01 6.122015e+01
100.0 1.283759e-04 2.154650e-02 6.313842e-03 1.788047e+00 1.786876e+00 1.603354e+00 1.218083e+00 6.369233e-01 5.995053e+01
100.0 1.352401e-04 2.219911e-02 6.553222e-03 1.760277e+00 1.759059e+00 1.577401e+00 1.196045e+00 6.241059e-01 5.872969e+01
100.0 1.424714e-04 2.285172e-02 6.792602e-03 1.732507e+00 1.731241e+00 1.551448e+00 1.174007e+00 6.112886e-01 5.750884e+01
100.0 1.500893e-04 2.352574e-02 7.042252e-03 1.705174e+00 1.703859e+00 1.525911e+00 1.152343e+00 5.987111e-01 5.631157e+01
100.0 1.581146e-04 2.423265e-02 7.307669e-03 1.678512e+00 1.677145e+00 1.501010e+00 1.131252e+00 5.865015e-01 5.515048e+01
100.0 1.665689e-04 2.493956e-02 7.573086e-03 1.651850e+00 1.650431e+00 1.476110e+00 1.110162e+00 5.742920e-01 5.398939e+01
100.0 1.754754e-04 2.568029e-02 7.854166e-03 1.625798e+00 1.624323e+00 1.451788e+00 1.089592e+00 5.624152e-01 5.286095e+01
100.0 1.848580e-04 2.644645e-02 8.147022e-03 1.600204e+00 1.598671e+00 1.427901e+00 1.069414e+00 5.507884e-01 5.175706e+01
100.0 1.947423e-04 2.721261e-02 8.439878e-03 1.574610e+00 1.573019e+00 1.404014e+00 1.049235e+00 5.391617e-01 5.065317e+01
100.0 2.051552e-04 2.802693e-02 8.756022e-03 1.549784e+00 1.548130e+00 1.380855e+00 1.029711e+00 5.279524e-01 4.959019e+01
100.0 2.161248e-04 2.885755e-02 9.080045e-03 1.525217e+00 1.523498e+00 1.357942e+00 1.010409e+00 5.168843e-01 4.854104e+01
100.0 2.276810e-04 2.968818e-02 9.404068e-03 1.500650e+00 1.498866e+00 1.335029e+00 9.911069e-01 5.058163e-01 4.749189e+01
100.0 2.398550e-04 3.058175e-02 9.759164e-03 1.476996e+00 1.475141e+00 1.312981e+00 9.725825e-01 4.952429e-01 4.649114e+01
100.0 2.526800e-04 3.148054e-02 1.011683e-02 1.453419e+00 1.451492e+00 1.291005e+00 9.541224e-01 4.847105e-01 4.549439e+01
100.0 2.661908e-04 3.238677e-02 1.047823e-02 1.429937e+00 1.427937e+00 1.269118e+00 9.357433e-01 4.742294e-01 4.450265e+01
100.0 2.804240e-04 3.335998e-02 1.087319e-02 1.407311e+00 1.405231e+00 1.248043e+00 9.180926e-01 4.642103e-01 4.355603e+01
100.0 2.954182e-04 3.433320e-02 1.126816e-02 1.384685e+00 1.382526e+00 1.226967e+00 9.004419e-01 4.541912e-01 4.260940e+01
100.0 3.112142e-04 3.532863e-02 1.167441e-02 1.362312e+00 1.360071e+00 1.206130e+00 8.830061e-01 4.443080e-01 4.167602e+01
100.0 3.278548e-04 3.638224e-02 1.211022e-02 1.340602e+00 1.338272e+00 1.185920e+00 8.661332e-01 4.347806e-01 4.077733e+01
100.0 3.453851e-04 3.743585e-02 1.254603e-02 1.318892e+00 1.316474e+00 1.165709e+00 8.492602e-01 4.252533e-01 3.987865e+01
100.0 3.638528e-04 3.852807e-02 1.300209e-02 1.297581e+00 1.295070e+00 1.145875e+00 8.327253e-01 4.159392e-01 3.900072e+01
100.0 3.833080e-04 3.966695e-02 1.348263e-02 1.276752e+00 1.274143e+00 1.126495e+00 8.165992e-01 4.068830e-01 3.814789e+01
100.0 4.038034e-04 4.080584e-02 1.396318e-02 1.255923e+00 1.253216e+00 1.107116e+00 8.004730e-01 3.978267e-01 3.729505e+01
100.0 4.253947e-04 4.200389e-02 1.447510e-02 1.235626e+00 1.232815e+00 1.088238e+00 7.847982e-01 3.890543e-01 3.646979e+01
100.0 4.481405e-04 4.323682e-02 1.500552e-02 1.215644e+00 1.212724e+00 1.069656e+00 7.693893e-01 3.804492e-01 3.566078e+01
100.0 4.721025e-04 4.446974e-02 1.553595e-02 1.195661e+00 1.192633e+00 1.051075e+00 7.539804e-01 3.718441e-01 3.485178e+01
100.0 4.973457e-04 4.578191e-02 1.610982e-02 1.176335e+00 1.173189e+00 1.033110e+00 7.391262e-01 3.635869e-01 3.407652e+01
100.0 5.239387e-04 4.711322e-02 1.669419e-02 1.157167e+00 1.153901e+00 1.015294e+00 7.244059e-01 3.554137e-01 3.330940e+01
100.0 5.519537e-04 4.844453e-02 1.727856e-02 1.138000e+00 1.134613e+00 9.974779e-01 7.096856e-01 3.472404e-01 3.254229e+01
100.0 5.814665e-04 4.988132e-02 1.792175e-02 1.119600e+00 1.116080e+00 9.803831e-01 6.956142e-01 3.394731e-01 3.181448e+01
100.0 6.125575e-04 5.132005e-02 1.856603e-02 1.101215e+00 1.097561e+00 9.633016e-01 6.815547e-01 3.317133e-01 3.108739e+01
100.0 6.453108e-04 5.277693e-02 1.922052e-02 1.082949e+00 1.079159e+00 9.463316e-01 6.675956e-01 3.240160e-01 3.036635e+01
100.0 6.798155e-04 5.433035e-02 1.992937e-02 1.065316e+00 1.061379e+00 9.299543e-01 6.541702e-01 3.166517e-01 2.967751e+01
100.0 7.161651e-04 5.588377e-02 2.063821e-02 1.047683e+00 1.043598e+00 9.135769e-01 6.407448e-01 3.092874e-01 2.898867e+01
100.0 7.544584e-04 5.747830e-02 2.137096e-02 1.030291e+00 1.026054e+00 8.974254e-01 6.275229e-01 3.020498e-01 2.831205e+01
100.0 7.947992e-04 5.915458e-02 2.215123e-02 1.013380e+00 1.008980e+00 8.817228e-01 6.147056e-01 2.950639e-01 2.765973e+01
100.0 8.372970e-04 6.083085e-02 2.293149e-02 9.964688e-01 9.919060e-01 8.660201e-01 6.018883e-01 2.880780e-01 2.700740e+01
100.0 8.820671e-04 6.257427e-02 2.375143e-02 9.799119e-01 9.751776e-01 8.506476e-01 5.893690e-01 2.812770e-01 2.637289e+01
100.0 9.292311e-04 6.438192e-02 2.460932e-02 9.636941e-01 9.587797e-01 8.355910e-01 5.771348e-01 2.746530e-01 2.575543e+01
100.0 9.789170e-04 6.618957e-02 2.546720e-02 9.474762e-01 9.423818e-01 8.205344e-01 5.649006e-01 2.680290e-01 2.513797e+01
100.0 1.031259e-03 6.809394e-02 2.638359e-02 9.317156e-01 9.264283e-01 8.059027e-01 5.530505e-01 2.616428e-01 2.454339e+01
100.0 1.086401e-03 7.004230e-02 2.732657e-02 9.161629e-01 9.106770e-01 7.914643e-01 5.413752e-01 2.553647e-01 2.395921e+01
100.0 1.144490e-03 7.199066e-02 2.826955e-02 9.006102e-01 8.949257e-01 7.770258e-01 5.296998e-01 2.490866e-01 2.337503e+01
100.0 1.205686e-03 7.406825e-02 2.929256e-02 8.856088e-01 8.797080e-01 7.630979e-01 5.184871e-01 2.430941e-01 2.281828e+01
100.0 1.270154e-03 7.616623e-02 3.032820e-02 8.706944e-01 8.645744e-01 7.492506e-01 5.073474e-01 2.371467e-01 2.226585e+01
100.0 1.338069e-03 7.827061e-02 3.136789e-02 8.558045e-01 8.494645e-01 7.354259e-01 4.962282e-01 2.312120e-01 2.171465e+01
100.0 1.409615e-03 8.052811e-02 3.250437e-02 8.415017e-01 8.349202e-01 7.221431e-01 4.856013e-01 2.255804e-01 2.119251e+01
100.0 1.484987e-03 8.278560e-02 3.364084e-02 8.271988e-01 8.203760e-01 7.088603e-01 4.749744e-01 2.199488e-01 2.067037e+01
100.0 1.564389e-03 8.507979e-02 3.480105e-02 8.130228e-01 8.059533e-01 6.956942e-01 4.644539e-01 2.143825e-01 2.015448e+01
100.0 1.648037e-03 8.750670e-02 3.604708e-02 7.993061e-01 7.919709e-01 6.829502e-01 4.543181e-01 2.090527e-01 1.966123e+01
100.0 1.736157e-03 8.993362e-02 3.729311e-02 7.855893e-01 7.779885e-01 6.702063e-01 4.441823e-01 2.037229e-01 1.916797e+01
100.0 1.828989e-03 9.243113e-02 3.858584e-02 7.720930e-01 7.642162e-01 6.576642e-01 4.342312e-01 1.985063e-01 1.868554e+01
100.0 1.926785e-03 9.503771e-02 3.995075e-02 7.589372e-01 7.507685e-01 6.454339e-01 4.245654e-01 1.934645e-01 1.821981e+01
100.0 2.029810e-03 9.764428e-02 4.131566e-02 7.457815e-01 7.373209e-01 6.332037e-01 4.148996e-01 1.884227e-01 1.775408e+01
100.0 2.138344e-03 1.003590e-01 4.275386e-02 7.329314e-01 7.241626e-01 6.212521e-01 4.054898e-01 1.835375e-01 1.730328e+01
100.0 2.252681e-03 1.031555e-01 4.424751e-02 7.203126e-01 7.112233e-01 6.095112e-01 3.962737e-01 1.787708e-01 1.686379e+01
100.0 2.373131e-03 1.059520e-01 4.574117e-02 7.076938e-01 6.982840e-01 5.977703e-01 3.870576e-01 1.740041e-01 1.642430e+01
100.0 2.500022e-03 1.088978e-01 4.733844e-02 6.954577e-01 6.857045e-01 5.863764e-01 3.781621e-01 1.694330e-01 1.600344e+01
100.0 2.633698e-03 1.118946e-01 4.897105e-02 6.833521e-01 6.732476e-01 5.751010e-01 3.693761e-01 1.649286e-01 1.558893e+01
100.0 2.774521e-03 1.148913e-01 5.060367e-02 6.712465e-01 6.607908e-01 5.638255e-01 3.605900e-01 1.604242e-01 1.517442e+01
100.0 2.922875e-03 1.180821e-01 5.237434e-02 6.595929e-01 6.487555e-01 5.529578e-01 3.521831e-01 1.561506e-01 1.478185e+01
100.0 3.079160e-03 1.212893e-01 5.415668e-02 6.479775e-01 6.367559e-01 5.421246e-01 3.438082e-01 1.518965e-01 1.439113e+01
100.0 3.243803e-03 1.245182e-01 5.595484e-02 6.364081e-01 6.247988e-01 5.313327e-01 3.354720e-01 1.476659e-01 1.400264e+01
100.0 3.417248e-03 1.279457e-01 5.789789e-02 6.252606e-01 6.132316e-01 5.209191e-01 3.274902e-01 1.436506e-01 1.363456e+01
100.0 3.599968e-03 1.313732e-01 5.984093e-02 6.141131e-01 6.016644e-01 5.105055e-01 3.195083e-01 1.396352e-01 1.326647e+01
100.0 3.792458e-03 1.348637e-01 6.183126e-02 6.030881e-01 5.902095e-01 5.002011e-01 3.116297e-01 1.356824e-01 1.290431e+01
100.0 3.995240e-03 1.385208e-01 6.394636e-02 5.923865e-01 5.790505e-01 4.901852e-01 3.040235e-01 1.318946e-01 1.255776e+01
100.0 4.208865e-03 1.421779e-01 6.606145e-02 5.816849e-01 5.678916e-01 4.801692e-01 2.964172e-01 1.281068e-01 1.221122e+01
100.0 4.433912e-03 1.459425e-01 6.825930e-02 5.711749e-01 5.569062e-01 4.703230e-01 2.889729e-01 1.244169e-01 1.187391e+01
100.0 4.670993e-03 1.498378e-01 7.055778e-02 5.608978e-01 5.461318e-01 4.606832e-01 2.817255e-01 1.208461e-01 1.154783e+01
100.0 4.920750e-03 1.537331e-01 7.285627e-02 5.506207e-01 5.353574e-01 4.510435e-01 2.744780e-01 1.172753e-01 1.122175e+01
100.0 5.183862e-03 1.577826e-01 7.527675e-02 5.405969e-01 5.248101e-01 4.416269e-01 2.674458e-01 1.138342e-01 1.090788e+01
100.0 5.461042e-03 1.619236e-01 7.776962e-02 5.307234e-01 5.143974e-01 4.323427e-01 2.605413e-01 1.104701e-01 1.060125e+01
100.0 5.753043e-03 1.660646e-01 8.026249e-02 5.208499e-01 5.039848e-01 4.230586e-01 2.536368e-01 1.071060e-01 1.029462e+01
100.0 6.060658e-03 1.704080e-01 8.292017e-02 5.112843e-01 4.938450e-01 4.140443e-01 2.469958e-01 1.039004e-01 1.000284e+01
100.0 6.384720e-03 1.748008e-01 8.561805e-02 5.017938e-01 4.837717e-01 4.050957e-01 2.404190e-01 1.007333e-01 9.714675e+00
100.0 6.726110e-03 1.791937e-01 8.831592e-02 4.923033e-01 4.736985e-01 3.961472e-01 2.338422e-01 9.756631e-02 9.426511e+00
100.0 7.085755e-03 1.838374e-01 9.122439e-02 4.831685e-01 4.639368e-01 3.875088e-01 2.275726e-01 9.458333e-02 9.155523e+00
100.0 7.464629e-03 1.884862e-01 9.413708e-02 4.740408e-01 4.541815e-01 3.788766e-01 2.213091e-01 9.160405e-02 8.884878e+00
100.0 7.863761e-03 1.931755e-01 9.708473e-02 4.649668e-01 4.444727e-01 3.702912e-01 2.150925e-01 8.865281e-02 8.616837e+00
100.0 8.284236e-03 1.980823e-01 1.002205e-01 4.561821e-01 4.350147e-01 3.619572e-01 2.091287e-01 8.585247e-02 8.362801e+00
100.0 8.727192e-03 2.029891e-01 1.033562e-01 4.473973e-01 4.255566e-01 3.536233e-01 2.031648e-01 8.305213e-02 8.108765e+00
100.0 9.193834e-03 2.079740e-01 1.065612e-01 4.386881e-01 4.161601e-01 3.453517e-01 1.972650e-01 8.028890e-02 7.858319e+00
100.0 9.685427e-03 2.131152e-01 1.099048e-01 4.301302e-01 4.068869e-01 3.372049e-01 1.914933e-01 7.759994e-02 7.615060e+00
100.0 1.020331e-02 2.182564e-01 1.132484e-01 4.215722e-01 3.976136e-01 3.290581e-01 1.857216e-01 7.491098e-02 7.371800e+00
100.0 1.074887e-02 2.235073e-01 1.166927e-01 4.131834e-01 3.884903e-01 3.210634e-01 1.801063e-01 7.231641e-02 7.136957e+00
100.0 1.132362e-02 2.288762e-01 1.202454e-01 4.049718e-01 3.795236e-01 3.132277e-01 1.746545e-01 6.982046e-02 6.910924e+00
100.0 1.192909e-02 2.343582e-01 1.239038e-01 3.968927e-01 3.706699e-01 3.055078e-01 1.693243e-01 6.739614e-02 6.691418e+00
100.0 1.256693e-02 2.399247e-01 1.276424e-01 3.889111e-01 3.618993e-01 2.978734e-01 1.640846e-01 6.502499e-02 6.476732e+00
100.0 1.323889e-02 2.455627e-01 1.314497e-01 3.810118e-01 3.531988e-01 2.903114e-01 1.589217e-01 6.269895e-02 6.266127e+00
100.0 1.394677e-02 2.512882e-01 1.353413e-01 3.732121e-01 3.445832e-01 2.828374e-01 1.538528e-01 6.042788e-02 6.060481e+00
100.0 1.469250e-02 2.571146e-01 1.393318e-01 3.655265e-01 3.360655e-01 2.754651e-01 1.488935e-01 5.822068e-02 5.860561e+00
100.0 1.547810e-02 2.630081e-01 1.433888e-01 3.579166e-01 3.276130e-01 2.681608e-01 1.440077e-01 5.605629e-02 5.664461e+00
100.0 1.630572e-02 2.689679e-01 1.475118e-01 3.503815e-01 3.192251e-01 2.609239e-01 1.391953e-01 5.393442e-02 5.472148e+00
100.0 1.717758e-02 2.750321e-01 1.517398e-01 3.429645e-01 3.109400e-01 2.537949e-01 1.345008e-01 5.188061e-02 5.285857e+00
100.0 1.809606e-02 2.811611e-01 1.560338e-01 3.356213e-01 3.027201e-01 2.467346e-01 1.298819e-01 4.987022e-02 5.103378e+00
100.0 1.906366e-02 2.873497e-01 1.603884e-01 3.283463e-01 2.945609e-01 2.397384e-01 1.253335e-01 4.790024e-02 4.924440e+00
100.0 2.008299e-02 2.936149e-01 1.648215e-01 3.211600e-01 2.864816e-01 2.328264e-01 1.208784e-01 4.598349e-02 4.750139e+00
100.0 2.115682e-02 2.999531e-01 1.693297e-01 3.140605e-01 2.784822e-01 2.259992e-01 1.165174e-01 4.412007e-02 4.580444e+00
100.0 2.228808e-02 3.063419e-01 1.738898e-01 3.070227e-01 2.705407e-01 2.192334e-01 1.122248e-01 4.229519e-02 4.414056e+00
100.0 2.347982e-02 3.127817e-01 1.785019e-01 3.000476e-01 2.626589e-01 2.125308e-01 1.080024e-01 4.050989e-02 4.251057e+00
100.0 2.473528e-02 3.192955e-01 1.831890e-01 2.931688e-01 2.548717e-01 2.059287e-01 1.038921e-01 3.878706e-02 4.093351e+00
100.0 2.605787e-02 3.258490e-01 1.879148e-01 2.863449e-01 2.471410e-01 1.993865e-01 9.984831e-02 3.710106e-02 3.938734e+00
100.0 2.745118e-02 3.324405e-01 1.926771e-01 2.795752e-01 2.394667e-01 1.929042e-01 9.587093e-02 3.545168e-02 3.787181e+00
100.0 2.891899e-02 3.390807e-01 1.974839e-01 2.728801e-01 2.318731e-01 1.865072e-01 9.198814e-02 3.385411e-02 3.639925e+00
100.0 3.046528e-02 3.457563e-01 2.023190e-01 2.662471e-01 2.243511e-01 1.801856e-01 8.818823e-02 3.230145e-02 3.496354e+00
100.0 3.209426e-02 3.524563e-01 2.071708e-01 2.596617e-01 2.168860e-01 1.739238e-01 8.445361e-02 3.078394e-02 3.355648e+00
100.0 3.381033e-02 3.591810e-01 2.120368e-01 2.531288e-01 2.094856e-01 1.677301e-01 8.079291e-02 2.930602e-02 3.218153e+00
100.0 3.561817e-02 3.659292e-01 2.169046e-01 2.466638e-01 2.021760e-01 1.616308e-01 7.723373e-02 2.788183e-02 3.084964e+00
100.0 3.752267e-02 3.726863e-01 2.217625e-01 2.402398e-01 1.949257e-01 1.555928e-01 7.373931e-02 2.649150e-02 2.954462e+00
100.0 3.952900e-02 3.794503e-01 2.266065e-01 2.338559e-01 1.877350e-01 1.496164e-01 7.030965e-02 2.513490e-02 2.826627e+00
100.0 4.164261e-02 3.862151e-01 2.314107e-01 2.275302e-01 1.806383e-01 1.437360e-01 6.697937e-02 2.382944e-02 2.702797e+00
100.0 4.386923e-02 3.929715e-01 2.361660e-01 2.212457e-01 1.736156e-01 1.379304e-01 6.372465e-02 2.256229e-02 2.581934e+00
100.0 4.621491e-02 3.997168e-01 2.408710e-01 2.149953e-01 1.666577e-01 1.321898e-01 6.053489e-02 2.132781e-02 2.463590e+00
100.0 4.868602e-02 4.064431e-01 2.455023e-01 2.087853e-01 1.597815e-01 1.265308e-01 5.742554e-02 2.013343e-02 2.348320e+00
100.0 5.128925e-02 4.131341e-01 2.500172e-01 2.026199e-01 1.530072e-01 1.209721e-01 5.441203e-02 1.898604e-02 2.236619e+00
100.0 5.403168e-02 4.197940e-01 2.544362e-01 1.964834e-01 1.463052e-01 1.154839e-01 5.146432e-02 1.787047e-02 2.127319e+00
100.0 5.692075e-02 4.264202e-01 2.587527e-01 1.903749e-01 1.396769e-01 1.100671e-01 4.858255e-02 1.678662e-02 2.020408e+00
100.0 5.996429e-02 4.329759e-01 2.628653e-01 1.843097e-01 1.331754e-01 1.047717e-01 4.580951e-02 1.575415e-02 1.917345e+00
100.0 6.317057e-02 4.394745e-01 2.668180e-01 1.782710e-01 1.267617e-01 9.955911e-02 4.310796e-02 1.475480e-02 1.816752e+00
100.0 6.654829e-02 4.459152e-01 2.706103e-01 1.722567e-01 1.204325e-01 9.442567e-02 4.047383e-02 1.378646e-02 1.718470e+00
100.0 7.010662e-02 4.522684e-01 2.741650e-01 1.662740e-01 1.142206e-01 8.940131e-02 3.793042e-02 1.285932e-02 1.623256e+00
100.0 7.385521e-02 4.585144e-01 2.774363e-01 1.603227e-01 1.081365e-01 8.449413e-02 3.548080e-02 1.197387e-02 1.531151e+00
100.0 7.780424e-02 4.646717e-01 2.804792e-01 1.543943e-01 1.021504e-01 7.967589e-02 3.310050e-02 1.111882e-02 1.441319e+00
100.0 8.196442e-02 4.707318e-01 2.832743e-01 1.484895e-01 9.626795e-02 7.495140e-02 3.079232e-02 1.029516e-02 1.353838e+00
100.0 8.634704e-02 4.766064e-01 2.856159e-01 1.426233e-01 9.056330e-02 7.038558e-02 2.860150e-02 9.521483e-03 1.270130e+00
100.0 9.096401e-02 4.823490e-01 2.876515e-01 1.367816e-01 8.497242e-02 6.592008e-02 2.648204e-02 8.777553e-03 1.188693e+00
100.0 9.582784e-02 4.879631e-01 2.893848e-01 1.309601e-01 7.948935e-02 6.154906e-02 2.442847e-02 8.060704e-03 1.109330e+00
100.0 1.009517e-01 4.934095e-01 2.907034e-01 1.251497e-01 7.413631e-02 5.728973e-02 2.244747e-02 7.372107e-03 1.032148e+00
100.0 1.063496e-01 4.986309e-01 2.915903e-01 1.193908e-01 6.894690e-02 5.317347e-02 2.056553e-02 6.724688e-03 9.581867e-01
100.0 1.120361e-01 5.035445e-01 2.918881e-01 1.136843e-01 6.395975e-02 4.923133e-02 1.879770e-02 6.122871e-03 8.878537e-01
100.0 1.180267e-01 5.081978e-01 2.917164e-01 1.080159e-01 5.912511e-02 4.541884e-02 1.711098e-02 5.552472e-03 8.200784e-01
100.0 1.243375e-01 5.125045e-01 2.909643e-01 1.023968e-01 5.447485e-02 4.176203e-02 1.551905e-02 5.018219e-03 7.553038e-01
100.0 1.309858e-01 5.164495e-01 2.896534e-01 9.682802e-02 4.999883e-02 3.825134e-02 1.401368e-02 4.516463e-03 6.932862e-01
100.0 1.379896e-01 5.199761e-01 2.877482e-01 9.131602e-02 4.570488e-02 3.489234e-02 1.259582e-02 4.047062e-03 6.340775e-01
100.0 1.453679e-01 5.229883e-01 2.851755e-01 8.587219e-02 4.161213e-02 3.169995e-02 1.127155e-02 3.611738e-03 5.779018e-01
100.0 1.531407e-01 5.254903e-01 2.820002e-01 8.049460e-02 3.769861e-02 2.865510e-02 1.002800e-02 3.205368e-03 5.243725e-01
100.0 1.613291e-01 5.272834e-01 2.780687e-01 7.520726e-02 3.400737e-02 2.579212e-02 8.881273e-03 2.833217e-03 4.740628e-01
100.0 1.699554e-01 5.283949e-01 2.734828e-01 7.000456e-02 3.050642e-02 2.308394e-02 7.814765e-03 2.488999e-03 4.264623e-01
100.0 1.790429e-01 5.286525e-01 2.681600e-01 6.490588e-02 2.721837e-02 2.054801e-02 6.835184e-03 2.174635e-03 3.818487e-01
100.0 1.886163e-01 5.279511e-01 2.620958e-01 5.992124e-02 2.414311e-02 1.818332e-02 5.939745e-03 1.888781e-03 3.401812e-01
100.0 1.987016e-01 5.262436e-01 2.553370e-01 5.505371e-02 2.126679e-02 1.597789e-02 5.120468e-03 1.628395e-03 3.012362e-01
100.0 2.093261e-01 5.232135e-01 2.477687e-01 5.033679e-02 1.862257e-02 1.395726e-02 4.387122e-03 1.396381e-03 2.654339e-01
100.0 2.205187e-01 5.189462e-01 2.395312e-01 4.575776e-02 1.617115e-02 1.208936e-02 3.722781e-03 1.186871e-03 2.322187e-01
100.0 2.323098e-01 5.130752e-01 2.305296e-01 4.135371e-02 1.394195e-02 1.039656e-02 3.135317e-03 1.002148e-03 2.019617e-01
100.0 2.447314e-01 5.055893e-01 2.208544e-01 3.712279e-02 1.191209e-02 8.860028e-03 2.614438e-03 8.386652e-04 1.743402e-01
100.0 2.578172e-01 4.963166e-01 2.105305e-01 3.308036e-02 1.007911e-02 7.477062e-03 2.157024e-03 6.952317e-04 1.493065e-01
100.0 2.716026e-01 4.849637e-01 1.995560e-01 2.925454e-02 8.451064e-03 6.253112e-03 1.763276e-03 5.717343e-04 1.269534e-01
100.0 2.861252e-01 4.716770e-01 1.880664e-01 2.562827e-02 6.994042e-03 5.161182e-03 1.420678e-03 4.641313e-04 1.068284e-01
100.0 3.014242e-01 4.559105e-01 1.760292e-01 2.225706e-02 5.734143e-03 4.220614e-03 1.134709e-03 3.740115e-04 8.926395e-02
100.0 3.175413e-01 4.379699e-01 1.636061e-01 1.911030e-02 4.630498e-03 3.399383e-03 8.917770e-04 2.971129e-04 7.372531e-02
100.0 3.345202e-01 4.175818e-01 1.508509e-01 1.621960e-02 3.687739e-03 2.700393e-03 6.913321e-04 2.332290e-04 6.027160e-02
100.0 3.524070e-01 3.947676e-01 1.378712e-01 1.358921e-02 2.892203e-03 2.112667e-03 5.280813e-04 1.807275e-04 4.872787e-02
100.0 3.712501e-01 3.697569e-01 1.247898e-01 1.120445e-02 2.221577e-03 1.618846e-03 3.949747e-04 1.374644e-04 3.880968e-02
100.0 3.911008e-01 3.423431e-01 1.117299e-01 9.107445e-03 1.681918e-03 1.222960e-03 2.919848e-04 1.034723e-04 3.060611e-02
100.0 4.120129e-01 3.131736e-01 9.877929e-02 7.233140e-03 1.233345e-03 8.945571e-04 2.081418e-04 7.530254e-05 2.354542e-02
100.0 4.340432e-01 2.822520e-01 8.615061e-02 5.635521e-03 8.861153e-04 6.414695e-04 1.463394e-04 5.415604e-05 1.790145e-02
100.0 4.572514e-01 2.501110e-01 7.397385e-02 4.288522e-03 6.198298e-04 4.480082e-04 1.006387e-04 3.815365e-05 1.337168e-02
100.0 4.817006e-01 2.173310e-01 6.238799e-02 3.173089e-03 4.196050e-04 3.029313e-04 6.730490e-05 2.617378e-05 9.770293e-03
100.0 5.074570e-01 1.845610e-01 5.153558e-02 2.272284e-03 2.734973e-04 1.973103e-04 4.360964e-05 1.740951e-05 6.958581e-03
100.0 5.345907e-01 1.525459e-01 4.155820e-02 1.567193e-03 1.707881e-04 1.231983e-04 2.728678e-05 1.118134e-05 4.813046e-03
100.0 5.631752e-01 1.221047e-01 3.258276e-02 1.034866e-03 1.015600e-04 7.330481e-05 1.641463e-05 6.896646e-06 3.217350e-03
100.0 5.932881e-01 9.402271e-02 2.469384e-02 6.476807e-04 5.681969e-05 4.107290e-05 9.396181e-06 4.041153e-06 2.060105e-03
100.0 6.250111e-01 6.904009e-02 1.795825e-02 3.796453e-04 2.951259e-05 2.138915e-05 5.061347e-06 2.222605e-06 1.250540e-03
100.0 6.584303e-01 4.777186e-02 1.240695e-02 2.050541e-04 1.397538e-05 1.016951e-05 2.525525e-06 1.128548e-06 7.094539e-04
100.0 6.936365e-01 3.062310e-02 8.027013e-03 9.966954e-05 5.875049e-06 4.300244e-06 1.139288e-06 5.159087e-07 3.682461e-04
100.0 7.307252e-01 1.771115e-02 4.755921e-03 4.198568e-05 2.096320e-06 1.545936e-06 4.417785e-07 2.016180e-07 1.681987e-04
100.0 7.697969e-01 8.963084e-03 2.516041e-03 1.483213e-05 6.181070e-07 4.610173e-07 1.459606e-07 6.683148e-08 6.629872e-05
100.0 8.109579e-01 3.713417e-03 1.123110e-03 3.989155e-06 1.347367e-07 1.021529e-07 3.680478e-08 1.682453e-08 2.063336e-05
100.0 8.543197e-01 1.123664e-03 3.841440e-04 7.020049e-07 1.849931e-08 1.437403e-08 6.097150e-09 2.769051e-09 4.445036e-06
100.0 9.000000e-01 1.942091e-04 8.169059e-05 5.847738e-08 1.147012e-09 9.272184e-10 4.856196e-10 2.180505e-10 5.025179e-07
10000.0 1.000000e-05 6.807836e-03 1.624874e-03 1.014796e+01 1.014768e+01 9.861385e+00 9.260431e+00 8.127476e+00 3.793333e+02
10000.0 1.053470e-05 7.007974e-03 1.681323e-03 9.951637e+00 9.951340e+00 9.667962e+00 9.073120e+00 7.956637e+00 3.707535e+02
10000.0 1.109799e-05 7.222144e-03 1.744482e-03 9.762871e+00 9.762563e+00 9.482035e+00 8.893171e+00 7.792709e+00 3.625500e+02
10000.0 1.169140e-05 7.436315e-03 1.807642e-03 9.574106e+00 9.573786e+00 9.296108e+00 8.713223e+00 7.628781e+00 3.543464e+02
10000.0 1.231653e-05 7.657444e-03 1.873655e-03 9.389005e+00 9.388674e+00 9.113814e+00 8.536841e+00 7.468196e+00 3.463241e+02
10000.0 1.297510e-05 7.889189e-03 1.944018e-03 9.209496e+00 9.209151e+00 8.937061e+00 8.365901e+00 7.312714e+00 3.385785e+02
10000.0 1.366887e-05 8.120934e-03 2.014381e-03 9.029986e+00 9.029628e+00 8.760309e+00 8.194960e+00 7.157231e+00 3.308328e+02
10000.0 1.439974e-05 8.363827e-03 2.088799e-03 8.855536e+00 8.855165e+00 8.588571e+00 8.028940e+00 7.006358e+00 3.233360e+02
10000.0 1.516970e-05 8.615050e-03 2.166245e-03 8.684866e+00 8.684481e+00 8.420579e+00 7.866597e+00 6.858931e+00 3.160253e+02
10000.0 1.598082e-05 8.866273e-03 2.243692e-03 8.514197e+00 8.513797e+00 8.252587e+00 7.704255e+00 6.711503e+00 3.087145e+02
10000.0 1.683531e-05 9.133146e-03 2.327327e-03 8.349848e+00 8.349432e+00 8.090859e+00 7.548056e+00 6.569826e+00 3.017128e+02
10000.0 1.773549e-05 9.405271e-03 2.413039e-03 8.187620e+00 8.187188e+00 7.931232e+00 7.393920e+00 6.430079e+00 2.948149e+02
10000.0 1.868381e-05 9.677395e-03 2.498751e-03 8.025392e+00 8.024944e+00 7.771605e+00 7.239785e+00 6.290331e+00 2.879170e+02
10000.0 1.968283e-05 9.971026e-03 2.592432e-03 7.870619e+00 7.870153e+00 7.619363e+00 7.092892e+00 6.157357e+00 2.813817e+02
10000.0 2.073526e-05 1.026640e-02 2.686757e-03 7.716449e+00 7.715965e+00 7.467719e+00 6.946586e+00 6.024931e+00 2.748757e+02
10000.0 2.184398e-05 1.056430e-02 2.782126e-03 7.563059e+00 7.562558e+00 7.316848e+00 6.801039e+00 5.893213e+00 2.684075e+02
10000.0 2.301197e-05 1.088459e-02 2.886729e-03 7.416581e+00 7.416059e+00 7.172823e+00 6.662202e+00 5.767764e+00 2.622733e+02
10000.0 2.424242e-05 1.120488e-02 2.991332e-03 7.270102e+00 7.269561e+00 7.028797e+00 6.523366e+00 5.642314e+00 2.561391e+02
10000.0 2.553865e-05 1.153245e-02 3.098821e-03 7.125663e+00 7.125101e+00 6.886791e+00 6.386510e+00 5.518712e+00 2.501030e+02
10000.0 2.690420e-05 1.187895e-02 3.213808e-03 6.986525e+00 6.985942e+00 6.750036e+00 6.254800e+00 5.399912e+00 2.443216e+02
10000.0 2.834277e-05 1.222545e-02 3.328795e-03 6.847388e+00 6.846782e+00 6.613280e+00 6.123090e+00 5.281112e+00 2.385403e+02
10000.0 2.985825e-05 1.258530e-02 3.449521e-03 6.711432e+00 6.710803e+00 6.479675e+00 5.994466e+00 5.165188e+00 2.329109e+02
10000.0 3.145477e-05 1.296119e-02 3.577144e-03 6.579298e+00 6.578645e+00 6.349854e+00 5.869550e+00 5.052722e+00 2.274641e+02
10000.0 3.313665e-05 1.333708e-02 3.704767e-03 6.447165e+00 6.446487e+00 6.220034e+00 5.744635e+00 4.940255e+00 2.220174e+02
10000.0 3.490846e-05 1.373263e-02 3.840355e-03 6.319245e+00 6.318541e+00 6.094384e+00 5.623805e+00 4.831592e+00 2.167706e+02
10000.0 3.677501e-05 1.413969e-02 3.980607e-03 6.193793e+00 6.193062e+00 5.971177e+00 5.505368e+00 4.725157e+00 2.116410e+02
10000.0 3.874136e-05 1.454675e-02 4.120859e-03 6.068340e+00 6.067583e+00 5.847970e+00 5.386931e+00 4.618722e+00 2.065114e+02
10000.0 4.081286e-05 1.498153e-02 4.272830e-03 5.948031e+00 5.947244e+00 5.729853e+00 5.273477e+00 4.516922e+00 2.016245e+02
10000.0 4.299512e-05 1.542294e-02 4.427602e-03 5.828951e+00 5.828134e+00 5.612953e+00 5.161215e+00 4.416231e+00 1.967956e+02
10000.0 4.529406e-05 1.586435e-02 4.582375e-03 5.709871e+00 5.709024e+00 5.496053e+00 5.048953e+00 4.315540e+00 1.919666e+02
10000.0 4.771593e-05 1.634141e-02 4.752826e-03 5.596767e+00 5.595887e+00 5.385065e+00 4.942479e+00 4.220225e+00 1.874179e+02
10000.0 5.026729e-05 1.681906e-02 4.923543e-03 5.483764e+00 5.482851e+00 5.274177e+00 4.836102e+00 4.125000e+00 1.828740e+02
10000.0 5.295507e-05 1.730304e-02 5.097031e-03 5.371687e+00 5.370740e+00 5.164205e+00 4.730621e+00 4.030607e+00 1.783731e+02
10000.0 5.578657e-05 1.782024e-02 5.285094e-03 5.264476e+00 5.263493e+00 5.059048e+00 4.629851e+00 3.940586e+00 1.740990e+02
10000.0 5.876947e-05 1.833745e-02 5.473158e-03 5.157266e+00 5.156246e+00 4.953891e+00 4.529081e+00 3.850564e+00 1.698248e+02
10000.0 6.191187e-05 1.886883e-02 5.667771e-03 5.051912e+00 5.050854e+00 4.850569e+00 4.430106e+00 3.762207e+00 1.656366e+02
10000.0 6.522229e-05 1.942818e-02 5.875319e-03 4.950224e+00 4.949125e+00 4.750873e+00 4.334677e+00 3.677136e+00 1.616180e+02
10000.0 6.870971e-05 1.998753e-02 6.082868e-03 4.848536e+00 4.847396e+00 4.651176e+00 4.239249e+00 3.592066e+00 1.575995e+02
10000.0 7.238361e-05 2.057048e-02 6.301064e-03 4.749544e+00 4.748361e+00 4.554146e+00 4.146427e+00 3.509409e+00 1.537049e+02
10000.0 7.625395e-05 2.117587e-02 6.529388e-03 4.653118e+00 4.651890e+00 4.459652e+00 4.056085e+00 3.429046e+00 1.499283e+02
10000.0 8.033124e-05 2.178126e-02 6.757711e-03 4.556691e+00 4.555419e+00 4.365158e+00 3.965742e+00 3.348684e+00 1.461516e+02
10000.0 8.462654e-05 2.242065e-02 7.001488e-03 4.463719e+00 4.462398e+00 4.274078e+00 3.878736e+00 3.271407e+00 1.425328e+02
10000.0 8.915151e-05 2.307539e-02 7.252244e-03 4.372306e+00 4.370936e+00 4.184539e+00 3.793237e+00 3.195522e+00 1.389851e+02
10000.0 9.391843e-05 2.373013e-02 7.502999e-03 4.280893e+00 4.279474e+00 4.094999e+00 3.707738e+00 3.119638e+00 1.354374e+02
10000.0 9.894023e-05 2.443094e-02 7.776126e-03 4.193611e+00 4.192138e+00 4.009543e+00 3.626227e+00 3.047437e+00 1.320772e+02
10000.0 1.042306e-04 2.513893e-02 8.052735e-03 4.106973e+00 4.105445e+00 3.924722e+00 3.545337e+00 2.975810e+00 1.287461e+02
10000.0 1.098037e-04 2.584929e-02 8.330496e-03 4.020524e+00 4.018941e+00 3.840088e+00 3.464631e+00 2.904351e+00 1.254235e+02
10000.0 1.156749e-04 2.661429e-02 8.634728e-03 3.938434e+00 3.936790e+00 3.759758e+00 3.388128e+00 2.836769e+00 1.222974e+02
10000.0 1.218601e-04 2.737929e-02 8.938960e-03 3.856344e+00 3.854639e+00 3.679429e+00 3.311626e+00 2.769188e+00 1.191712e+02
10000.0 1.283759e-04 2.815768e-02 9.249681e-03 3.775197e+00 3.773430e+00 3.600032e+00 3.236033e+00 2.702444e+00 1.160873e+02
10000.0 1.352401e-04 2.898407e-02 9.583671e-03 3.697435e+00 3.695602e+00 3.523976e+00 3.163704e+00 2.638706e+00 1.131547e+02
10000.0 1.424714e-04 2.981047e-02 9.917661e-03 3.619673e+00 3.617773e+00 3.447921e+00 3.091374e+00 2.574968e+00 1.102221e+02
10000.0 1.500893e-04 3.066275e-02 1.026492e-02 3.543537e+00 3.541567e+00 3.373470e+00 3.020611e+00 2.512670e+00 1.073618e+02
10000.0 1.581146e-04 3.155478e-02 1.063255e-02 3.469897e+00 3.467853e+00 3.301483e+00 2.952251e+00 2.452584e+00 1.046123e+02
10000.0 1.665689e-04 3.244681e-02 1.100017e-02 3.396256e+00 3.394138e+00 3.229495e+00 2.883892e+00 2.392497e+00 1.018628e+02
10000.0 1.754754e-04 3.337968e-02 1.138822e-02 3.324854e+00 3.322658e+00 3.159716e+00 2.817687e+00 2.334390e+00 9.921206e+01
10000.0 1.848580e-04 3.434325e-02 1.179162e-02 3.255135e+00 3.252858e+00 3.091598e+00 2.753102e+00 2.277771e+00 9.663548e+01
10000.0 1.947423e-04 3.530682e-02 1.219502e-02 3.185416e+00 3.183057e+00 3.023479e+00 2.688518e+00 2.221152e+00 9.405890e+01
10000.0 2.051552e-04 3.632693e-02 1.262807e-02 3.118484e+00 3.116038e+00 2.958109e+00 2.626614e+00 2.166991e+00 9.160434e+01
10000.0 2.161248e-04 3.736618e-02 1.307114e-02 3.052494e+00 3.049958e+00 2.893669e+00 2.565617e+00 2.113663e+00 8.919105e+01
10000.0 2.276810e-04 3.840543e-02 1.351421e-02 2.986505e+00 2.983879e+00 2.829228e+00 2.504621e+00 2.060334e+00 8.677777e+01
10000.0 2.398550e-04 3.951991e-02 1.399696e-02 2.923792e+00 2.921068e+00 2.768018e+00 2.446774e+00 2.009891e+00 8.450689e+01
10000.0 2.526800e-04 4.064061e-02 1.448301e-02 2.861351e+00 2.858528e+00 2.707075e+00 2.389187e+00 1.959686e+00 8.224778e+01
10000.0 2.661908e-04 4.177007e-02 1.497376e-02 2.799247e+00 2.796324e+00 2.646464e+00 2.331925e+00 1.909778e+00 8.000322e+01
10000.0 2.804240e-04 4.297836e-02 1.550690e-02 2.740179e+00 2.737147e+00 2.588844e+00 2.277578e+00 1.862536e+00 7.788960e+01
10000.0 2.954182e-04 4.418666e-02 1.604004e-02 2.681110e+00 2.677971e+00 2.531224e+00 2.223231e+00 1.815295e+00 7.577597e+01
10000.0 3.112142e-04 4.542067e-02 1.658732e-02 2.622928e+00 2.619677e+00 2.474477e+00 2.169734e+00 1.768830e+00 7.370026e+01
10000.0 3.278548e-04 4.672200e-02 1.717158e-02 2.567067e+00 2.563695e+00 2.420014e+00 2.118465e+00 1.724398e+00 7.172387e+01
10000.0 3.453851e-04 4.802332e-02 1.775584e-02 2.511205e+00 2.507714e+00 2.365551e+00 2.067196e+00 1.679967e+00 6.974747e+01
10000.0 3.638528e-04 4.936987e-02 1.836533e-02 2.456723e+00 2.453106e+00 2.312446e+00 2.017249e+00 1.636741e+00 6.782966e+01
10000.0 3.833080e-04 5.077107e-02 1.900532e-02 2.403907e+00 2.400160e+00 2.260982e+00 1.968901e+00 1.594974e+00 6.598266e+01
10000.0 4.038034e-04 5.217226e-02 1.964530e-02 2.351092e+00 2.347213e+00 2.209517e+00 1.920553e+00 1.553206e+00 6.413566e+01
10000.0 4.253947e-04 5.364016e-02 2.032316e-02 2.300097e+00 2.296079e+00 2.159843e+00 1.873949e+00 1.513027e+00 6.236538e+01
10000.0 4.481405e-04 5.514737e-02 2.102336e-02 2.250177e+00 2.246014e+00 2.111225e+00 1.828375e+00 1.473784e+00 6.064034e+01
10000.0 4.721025e-04 5.665458e-02 2.172355e-02 2.200256e+00 2.195949e+00 2.062607e+00 1.782800e+00 1.434542e+00 5.891530e+01
10000.0 4.973457e-04 5.825308e-02 2.247681e-02 2.152549e+00 2.148086e+00 2.016164e+00 1.739345e+00 1.397226e+00 5.728281e+01
10000.0 5.239387e-04 5.987362e-02 2.324288e-02 2.105377e+00 2.100755e+00 1.970247e+00 1.696402e+00 1.360375e+00 5.567266e+01
10000.0 5.519537e-04 6.149417e-02 2.400895e-02 2.058205e+00 2.053424e+00 1.924330e+00 1.653459e+00 1.323525e+00 5.406252e+01
10000.0 5.814665e-04 6.323341e-02 2.484503e-02 2.013594e+00 2.008640e+00 1.880929e+00 1.612966e+00 1.288899e+00 5.255862e+01
10000.0 6.125575e-04 6.497483e-02 2.568240e-02 1.969031e+00 1.963903e+00 1.837574e+00 1.572518e+00 1.254313e+00 5.105668e+01
10000.0 6.453108e-04 6.673650e-02 2.653197e-02 1.924859e+00 1.919555e+00 1.794603e+00 1.532445e+00 1.220068e+00 4.957086e+01
10000.0 6.798155e-04 6.860578e-02 2.744643e-02 1.882772e+00 1.877277e+00 1.753677e+00 1.494365e+00 1.187627e+00 4.817077e+01
10000.0 7.161651e-04 7.047507e-02 2.836090e-02 1.840684e+00 1.834999e+00 1.712752e+00 1.456285e+00 1.155187e+00 4.677068e+01
10000.0 7.544584e-04 7.238990e-02 2.930321e-02 1.799383e+00 1.793501e+00 1.672597e+00 1.418955e+00 1.123425e+00 4.540266e+01
10000.0 7.947992e-04 7.439530e-02 3.030090e-02 1.759644e+00 1.753554e+00 1.633974e+00 1.383119e+00 1.093014e+00 4.409840e+01
10000.0 8.372970e-04 7.640069e-02 3.129859e-02 1.719906e+00 1.713607e+00 1.595351e+00 1.347282e+00 1.062603e+00 4.279413e+01
10000.0 8.820671e-04 7.847945e-02 3.234231e-02 1.681305e+00 1.674788e+00 1.557842e+00 1.312531e+00 1.033173e+00 4.153592e+01
10000.0 9.292311e-04 8.062841e-02 3.343008e-02 1.643793e+00 1.637049e+00 1.521401e+00 1.278820e+00 1.004682e+00 4.032177e+01
10000.0 9.789170e-04 8.277736e-02 3.451786e-02 1.606282e+00 1.599309e+00 1.484959e+00 1.245109e+00 9.761907e-01 3.910762e+01
10000.0 1.031259e-03 8.503116e-02 3.567225e-02 1.570221e+00 1.563006e+00 1.449936e+00 1.212782e+00 9.489474e-01 3.795169e+01
10000.0 1.086401e-03 8.733263e-02 3.685693e-02 1.534820e+00 1.527357e+00 1.415560e+00 1.181085e+00 9.222716e-01 3.682224e+01
10000.0 1.144490e-03 8.963411e-02 3.804162e-02 1.499419e+00 1.491707e+00 1.381184e+00 1.149388e+00 8.955958e-01 3.569279e+01
10000.0 1.205686e-03 9.207355e-02 3.931594e-02 1.465746e+00 1.457766e+00 1.348495e+00 1.119338e+00 8.704023e-01 3.463208e+01
10000.0 1.270154e-03 9.453474e-02 4.060439e-02 1.432346e+00 1.424095e+00 1.316073e+00 1.089548e+00 8.454427e-01 3.358222e+01
10000.0 1.338069e-03 9.700268e-02 4.189735e-02 1.399021e+00 1.390498e+00 1.283725e+00 1.059830e+00 8.205481e-01 3.253535e+01
10000.0 1.409615e-03 9.963187e-02 4.329796e-02 1.367515e+00 1.358696e+00 1.253152e+00 1.031844e+00 7.972097e-01 3.156021e+01
10000.0 1.484987e-03 1.022611e-01 4.469856e-02 1.336008e+00 1.326894e+00 1.222579e+00 1.003859e+00 7.738712e-01 3.058506e+01
10000.0 1.564389e-03 1.049286e-01 4.612502e-02 1.304890e+00 1.295475e+00 1.192384e+00 9.762426e-01 7.508643e-01 2.962509e+01
10000.0 1.648037e-03 1.077347e-01 4.764498e-02 1.275176e+00 1.265440e+00 1.163559e+00 9.499644e-01 7.290571e-01 2.872007e+01
10000.0 1.736157e-03 1.105409e-01 4.916494e-02 1.245461e+00 1.235405e+00 1.134733e+00 9.236863e-01 7.072499e-01 2.781506e+01
10000.0 1.828989e-03 1.134191e-01 5.073485e-02 1.216414e+00 1.206026e+00 1.106557e+00 8.980427e-01 6.860106e-01 2.693588e+01
10000.0 1.926785e-03 1.164085e-01 5.238195e-02 1.188396e+00 1.177660e+00 1.079383e+00 8.733795e-01 6.656489e-01 2.609663e+01
10000.0 2.029810e-03 1.193980e-01 5.402905e-02 1.160379e+00 1.149294e+00 1.052208e+00 8.487164e-01 6.452871e-01 2.525738e+01
10000.0 2.138344e-03 1.224971e-01 5.575357e-02 1.133274e+00 1.121825e+00 1.025922e+00 8.249225e-01 6.257020e-01 2.445323e+01
10000.0 2.252681e-03 1.256790e-01 5.753667e-02 1.106859e+00 1.095033e+00 1.000307e+00 8.017863e-01 6.067044e-01 2.367565e+01
10000.0 2.373131e-03 1.288609e-01 5.931977e-02 1.080445e+00 1.068242e+00 9.746918e-01 7.786501e-01 5.877068e-01 2.289806e+01
10000.0 2.500022e-03 1.321908e-01 6.121031e-02 1.055161e+00 1.042558e+00 9.501740e-01 7.565899e-01 5.696685e-01 2.216355e+01
10000.0 2.633698e-03 1.355713e-01 6.313750e-02 1.030262e+00 1.017251e+00 9.260304e-01 7.348967e-01 5.519575e-01 2.144372e+01
10000.0 2.774521e-03 1.389518e-01 6.506470e-02 1.005364e+00 9.919447e-01 9.018867e-01 7.132035e-01 5.342465e-01 2.072390e+01
10000.0 2.922875e-03 1.425209e-01 6.713099e-02 9.817852e-01 9.679285e-01 8.790226e-01 6.927675e-01 5.176541e-01 2.005395e+01
10000.0 3.079160e-03 1.461060e-01 6.920904e-02 9.583180e-01 9.440214e-01 8.562667e-01 6.724377e-01 5.011562e-01 1.938821e+01
10000.0 3.243803e-03 1.497117e-01 7.130280e-02 9.349838e-01 9.202440e-01 8.336395e-01 6.522348e-01 4.847708e-01 1.872745e+01
10000.0 3.417248e-03 1.535070e-01 7.354040e-02 9.128675e-01 8.976545e-01 8.121916e-01 6.331928e-01 4.694162e-01 1.811232e+01
10000.0 3.599968e-03 1.573023e-01 7.577799e-02 8.907513e-01 8.750650e-01 7.907436e-01 6.141508e-01 4.540616e-01 1.749719e+01
10000.0 3.792458e-03 1.611565e-01 7.806127e-02 8.689852e-01 8.528162e-01 7.696343e-01 5.954430e-01 4.390030e-01 1.689507e+01
10000.0 3.995240e-03 1.651661e-01 8.046509e-02 8.481432e-01 8.314666e-01 7.494185e-01 5.776171e-01 4.247256e-01 1.632725e+01
10000.0 4.208865e-03 1.691756e-01 8.286891e-02 8.273012e-01 8.101169e-01 7.292028e-01 5.597912e-01 4.104482e-01 1.575944e+01
10000.0 4.433912e-03 1.732829e-01 8.535050e-02 8.070011e-01 7.892933e-01 7.095104e-01 5.424832e-01 3.966284e-01 1.521158e+01
10000.0 4.670993e-03 1.775092e-01 8.792669e-02 7.873600e-01 7.691095e-01 6.904546e-01 5.258051e-01 3.833653e-01 1.468798e+01
10000.0 4.920750e-03 1.817354e-01 9.050288e-02 7.677189e-01 7.489257e-01 6.713989e-01 5.091271e-01 3.701022e-01 1.416438e+01
10000.0 5.183862e-03 1.860979e-01 9.319043e-02 7.487876e-01 7.294294e-01 6.530283e-01 4.931291e-01 3.574384e-01 1.366670e+01
10000.0 5.461042e-03 1.905414e-01 9.594407e-02 7.302775e-01 7.103412e-01 6.350642e-01 4.775347e-01 3.451303e-01 1.318439e+01
10000.0 5.753043e-03 1.949849e-01 9.869771e-02 7.117674e-01 6.912530e-01 6.171002e-01 4.619402e-01 3.328221e-01 1.270207e+01
10000.0 6.060658e-03 1.996018e-01 1.015967e-01 6.941129e-01 6.729921e-01 5.999620e-01 4.471681e-01 3.212366e-01 1.225073e+01
10000.0 6.384720e-03 2.042609e-01 1.045312e-01 6.766671e-01 6.549330e-01 5.830251e-01 4.325965e-01 3.098272e-01 1.180694e+01
10000.0 6.726110e-03 2.089201e-01 1.074657e-01 6.592212e-01 6.368738e-01 5.660882e-01 4.180248e-01 2.984178e-01 1.136315e+01
10000.0 7.085755e-03 2.137864e-01 1.105788e-01 6.427562e-01 6.197621e-01 5.500986e-01 4.043996e-01 2.878374e-01 1.095456e+01
10000.0 7.464629e-03 2.186569e-01 1.136955e-01 6.263109e-01 6.026693e-01 5.341278e-01 3.907933e-01 2.772737e-01 1.054668e+01
10000.0 7.863761e-03 2.235594e-01 1.168405e-01 6.100129e-01 5.857188e-01 5.182996e-01 3.773299e-01 2.668346e-01 1.014404e+01
10000.0 8.284236e-03 2.286338e-01 1.201380e-01 5.945073e-01 5.695335e-01 5.032378e-01 3.646352e-01 2.570663e-01 9.769609e+00
10000.0 8.727192e-03 2.337082e-01 1.234354e-01 5.790017e-01 5.533482e-01 4.881760e-01 3.519405e-01 2.472981e-01 9.395180e+00
10000.0 9.193834e-03 2.388401e-01 1.267848e-01 5.636641e-01 5.373217e-01 4.732738e-01 3.394068e-01 2.376675e-01 9.026530e+00
10000.0 9.685427e-03 2.440870e-01 1.302382e-01 5.486629e-01 5.216130e-01 4.586909e-01 3.271958e-01 2.283127e-01 8.669452e+00
10000.0 1.020331e-02 2.493338e-01 1.336916e-01 5.336617e-01 5.059042e-01 4.441081e-01 3.149847e-01 2.189579e-01 8.312374e+00
10000.0 1.074887e-02 2.546630e-01 1.372221e-01 5.191847e-01 4.907083e-01 4.300399e-01 3.032916e-01 2.100568e-01 7.974070e+00
10000.0 1.132362e-02 2.600796e-01 1.408348e-01 5.052513e-01 4.760441e-01 4.165052e-01 2.921356e-01 2.016258e-01 7.655201e+00
10000.0 1.192909e-02 2.655729e-01 1.445206e-01 4.916780e-01 4.617297e-01 4.033226e-01 2.813359e-01 1.935022e-01 7.348894e+00
10000.0 1.256693e-02 2.711208e-01 1.482594e-01 4.783695e-01 4.476733e-01 3.903998e-01 2.707994e-01 1.856051e-01 7.051789e+00
10000.0 1.323889e-02 2.767140e-01 1.520423e-01 4.652844e-01 4.338351e-01 3.776968e-01 2.604859e-01 1.778995e-01 6.762443e+00
10000.0 1.394677e-02 2.823609e-01 1.558780e-01 4.524702e-01 4.202621e-01 3.652610e-01 2.504433e-01 1.704264e-01 6.482479e+00
10000.0 1.469250e-02 2.880659e-01 1.597714e-01 4.399671e-01 4.069952e-01 3.531338e-01 2.407142e-01 1.632213e-01 6.213261e+00
10000.0 1.547810e-02 2.938074e-01 1.637013e-01 4.276708e-01 3.939326e-01 3.412127e-01 2.311945e-01 1.561948e-01 5.951164e+00
10000.0 1.630572e-02 2.995841e-01 1.676666e-01 4.155789e-01 3.810727e-01 3.294959e-01 2.218824e-01 1.493451e-01 5.696108e+00
10000.0 1.717758e-02 3.054113e-01 1.716830e-01 4.038109e-01 3.685358e-01 3.181051e-01 2.129016e-01 1.427768e-01 5.452166e+00
10000.0 1.809606e-02 3.112660e-01 1.757272e-01 3.922467e-01 3.562041e-01 3.069212e-01 2.041312e-01 1.363862e-01 5.215202e+00
10000.0 1.906366e-02 3.171446e-01 1.797955e-01 3.808713e-01 3.440632e-01 2.959299e-01 1.955564e-01 1.301608e-01 4.984697e+00
10000.0 2.008299e-02 3.230503e-01 1.838909e-01 3.697424e-01 3.321731e-01 2.851915e-01 1.872385e-01 1.241516e-01 4.762608e+00
10000.0 2.115682e-02 3.289757e-01 1.880052e-01 3.588570e-01 3.205337e-01 2.747059e-01 1.791770e-01 1.183572e-01 4.548811e+00
10000.0 2.228808e-02 3.349112e-01 1.921284e-01 3.481457e-01 3.090754e-01 2.644026e-01 1.713001e-01 1.127169e-01 4.340937e+00
10000.0 2.347982e-02 3.408550e-01 1.962582e-01 3.376123e-01 2.978031e-01 2.542866e-01 1.636128e-01 1.072346e-01 4.139111e+00
10000.0 2.473528e-02 3.468009e-01 2.003848e-01 3.273551e-01 2.868242e-01 2.444658e-01 1.562234e-01 1.019992e-01 3.946660e+00
10000.0 2.605787e-02 3.527408e-01 2.045007e-01 3.172582e-01 2.760186e-01 2.348189e-01 1.490089e-01 9.690797e-02 3.759637e+00
10000.0 2.745118e-02 3.586724e-01 2.086027e-01 3.073199e-01 2.653854e-01 2.253451e-01 1.419682e-01 9.195968e-02 3.577981e+00
10000.0 2.891899e-02 3.645841e-01 2.126741e-01 2.976028e-01 2.549969e-01 2.161164e-01 1.351726e-01 8.721206e-02 3.403812e+00
10000.0 3.046528e-02 3.704676e-01 2.167040e-01 2.880740e-01 2.448214e-01 2.071005e-01 1.285887e-01 8.263648e-02 3.236003e+00
10000.0 3.209426e-02 3.763239e-01 2.206943e-01 2.786912e-01 2.348132e-01 1.982514e-01 1.221700e-01 7.819471e-02 3.073116e+00
10000.0 3.381033e-02 3.821449e-01 2.246333e-01 2.694711e-01 2.249941e-01 1.895906e-01 1.159371e-01 7.390293e-02 2.915725e+00
10000.0 3.561817e-02 3.879026e-01 2.284804e-01 2.604678e-01 2.154337e-01 1.811863e-01 1.099555e-01 6.981222e-02 2.765632e+00
10000.0 3.752267e-02 3.936113e-01 2.322559e-01 2.515987e-01 2.060377e-01 1.729445e-01 1.041316e-01 6.584691e-02 2.620057e+00
10000.0 3.952900e-02 3.992679e-01 2.359552e-01 2.428625e-01 1.968061e-01 1.648649e-01 9.846456e-02 6.200599e-02 2.478949e+00
10000.0 4.164261e-02 4.048311e-01 2.395168e-01 2.343244e-01 1.878264e-01 1.570327e-01 9.303472e-02 5.835164e-02 2.344494e+00
10000.0 4.386923e-02 4.103104e-01 2.429538e-01 2.259318e-01 1.790379e-01 1.493874e-01 8.778164e-02 5.483501e-02 2.214907e+00
10000.0 4.621491e-02 4.157122e-01 2.462751e-01 2.176622e-01 1.704137e-01 1.419021e-01 8.267910e-02 5.143515e-02 2.089430e+00
10000.0 4.868602e-02 4.210102e-01 2.494414e-01 2.095419e-01 1.619931e-01 1.346144e-01 7.776082e-02 4.817739e-02 1.968936e+00
10000.0 5.128925e-02 4.261664e-01 2.523944e-01 2.015934e-01 1.538151e-01 1.275606e-01 7.305741e-02 4.508359e-02 1.854143e+00
10000.0 5.403168e-02 4.312153e-01 2.551859e-01 1.937597e-01 1.458039e-01 1.206668e-01 6.849891e-02 4.209941e-02 1.743140e+00
10000.0 5.692075e-02 4.361528e-01 2.578094e-01 1.860398e-01 1.379598e-01 1.139330e-01 6.408465e-02 3.922395e-02 1.635890e+00
10000.0 5.996429e-02 4.408847e-01 2.601242e-01 1.785020e-01 1.303920e-01 1.074616e-01 5.990285e-02 3.652179e-02 1.534583e+00
10000.0 6.317057e-02 4.454657e-01 2.622132e-01 1.710800e-01 1.230063e-01 1.011619e-01 5.587005e-02 3.392930e-02 1.437017e+00
10000.0 6.654829e-02 4.498980e-01 2.640813e-01 1.637661e-01 1.157926e-01 9.502365e-02 5.197643e-02 3.143881e-02 1.342924e+00
10000.0 7.010662e-02 4.541163e-01 2.656339e-01 1.565954e-01 1.088106e-01 8.910214e-02 4.826695e-02 2.908211e-02 1.253373e+00
10000.0 7.385521e-02 4.580884e-01 2.668300e-01 1.495688e-01 1.020691e-01 8.340348e-02 4.474263e-02 2.685814e-02 1.168311e+00
10000.0 7.780424e-02 4.618649e-01 2.677480e-01 1.426474e-01 9.550581e-02 7.786903e-02 4.135258e-02 2.472956e-02 1.086472e+00
10000.0 8.196442e-02 4.654306e-01 2.683692e-01 1.358350e-01 8.912813e-02 7.250512e-02 3.810091e-02 2.269878e-02 1.007935e+00
10000.0 8.634704e-02 4.686146e-01 2.684708e-01 1.291972e-01 8.305361e-02 6.741733e-02 3.506779e-02 2.082027e-02 9.345367e-01
10000.0 9.096401e-02 4.715405e-01 2.682357e-01 1.226650e-01 7.716415e-02 6.249667e-02 3.216375e-02 1.903042e-02 8.641321e-01
10000.0 9.582784e-02 4.742230e-01 2.676788e-01 1.162250e-01 7.144285e-02 5.772712e-02 2.937460e-02 1.731866e-02 7.963483e-01
10000.0 1.009517e-01 4.766185e-01 2.667224e-01 1.098635e-01 6.589493e-02 5.311010e-02 2.669399e-02 1.567720e-02 7.308472e-01
10000.0 1.063496e-01 4.785887e-01 2.652878e-01 1.036752e-01 6.062000e-02 4.873899e-02 2.420181e-02 1.416546e-02 6.698317e-01
10000.0 1.120361e-01 4.800211e-01 2.632514e-01 9.766719e-02 5.564874e-02 4.463756e-02 2.190747e-02 1.278604e-02 6.133537e-01
10000.0 1.180267e-01 4.810259e-01 2.607598e-01 9.178325e-02 5.089051e-02 4.072314e-02 1.974521e-02 1.149283e-02 5.598344e-01
10000.0 1.243375e-01 4.814845e-01 2.577203e-01 8.604728e-02 4.638195e-02 3.702657e-02 1.773375e-02 1.029699e-02 5.096779e-01
10000.0 1.309858e-01 4.813974e-01 2.541671e-01 8.045003e-02 4.210206e-02 3.352833e-02 1.585678e-02 9.187011e-03 4.625103e-01
10000.0 1.379896e-01 4.807054e-01 2.500827e-01 7.499727e-02 3.805403e-02 3.023002e-02 1.411261e-02 8.160902e-03 4.182875e-01
10000.0 1.453679e-01 4.793019e-01 2.454178e-01 6.970440e-02 3.425467e-02 2.714490e-02 1.250713e-02 7.221417e-03 3.771364e-01
10000.0 1.531407e-01 4.772236e-01 2.402435e-01 6.455498e-02 3.067050e-02 2.424321e-02 1.101846e-02 6.354111e-03 3.385736e-01
10000.0 1.613291e-01 4.742502e-01 2.344495e-01 5.958572e-02 2.734543e-02 2.156109e-02 9.666546e-03 5.570390e-03 3.030467e-01
10000.0 1.699554e-01 4.704553e-01 2.281360e-01 5.477323e-02 2.423584e-02 1.906053e-02 8.425221e-03 4.853536e-03 2.699826e-01
10000.0 1.790429e-01 4.656776e-01 2.212565e-01 5.014002e-02 2.136076e-02 1.675649e-02 7.300956e-03 4.206754e-03 2.395384e-01
10000.0 1.886163e-01 4.598456e-01 2.138278e-01 4.569055e-02 1.871377e-02 1.464251e-02 6.287377e-03 3.625579e-03 2.115880e-01
10000.0 1.987016e-01 4.529574e-01 2.059037e-01 4.141800e-02 1.627435e-02 1.270057e-02 5.371692e-03 3.101883e-03 1.858615e-01
10000.0 2.093261e-01 4.447462e-01 1.974274e-01 3.735909e-02 1.407060e-02 1.095286e-02 4.563899e-03 2.640963e-03 1.626125e-01
10000.0 2.205187e-01 4.353554e-01 1.885167e-01 3.348458e-02 1.205745e-02 9.361357e-03 3.840756e-03 2.228871e-03 1.413323e-01
10000.0 2.323098e-01 4.245082e-01 1.791374e-01 2.983152e-02 1.025832e-02 7.944309e-03 3.209843e-03 1.869571e-03 1.222298e-01
10000.0 2.447314e-01 4.122657e-01 1.693723e-01 2.638625e-02 8.646243e-03 6.678909e-03 2.657071e-03 1.554686e-03 1.050053e-01
10000.0 2.578172e-01 3.985563e-01 1.592658e-01 2.315631e-02 7.214275e-03 5.558734e-03 2.177210e-03 1.280994e-03 8.956903e-02
10000.0 2.716026e-01 3.832284e-01 1.488528e-01 2.016230e-02 5.965078e-03 4.585134e-03 1.768991e-03 1.047576e-03 7.593200e-02
10000.0 2.861252e-01 3.664781e-01 1.382325e-01 1.737609e-02 4.864621e-03 3.730182e-03 1.417197e-03 8.457554e-04 6.375058e-02
10000.0 3.014242e-01 3.480156e-01 1.274428e-01 1.484390e-02 3.931281e-03 3.007806e-03 1.126671e-03 6.781644e-04 5.320046e-02
10000.0 3.175413e-01 3.281533e-01 1.165856e-01 1.252591e-02 3.127068e-03 2.387309e-03 8.818563e-04 5.360904e-04 4.391221e-02
10000.0 3.345202e-01 3.068335e-01 1.057402e-01 1.044271e-02 2.452597e-03 1.868647e-03 6.814328e-04 4.188247e-04 3.589885e-02
10000.0 3.524070e-01 2.841992e-01 9.499813e-02 8.589017e-03 1.893948e-03 1.440423e-03 5.192795e-04 3.230135e-04 2.903550e-02
10000.0 3.712501e-01 2.605088e-01 8.443974e-02 6.943834e-03 1.431176e-03 1.086686e-03 3.877205e-04 2.444450e-04 2.313938e-02
10000.0 3.911008e-01 2.358482e-01 7.420407e-02 5.533788e-03 1.066446e-03 8.087370e-04 2.863649e-04 1.830365e-04 1.825551e-02
10000.0 4.120129e-01 2.105965e-01 6.426425e-02 4.292559e-03 7.657748e-04 5.797901e-04 2.032293e-04 1.318960e-04 1.400526e-02
10000.0 4.340432e-01 1.850803e-01 5.487278e-02 3.268586e-03 5.400741e-04 4.086047e-04 1.427003e-04 9.407764e-05 1.062749e-02
10000.0 4.572514e-01 1.597153e-01 4.607814e-02 2.428993e-03 3.708919e-04 2.805619e-04 9.805091e-05 6.567469e-05 7.912495e-03
10000.0 4.817006e-01 1.349433e-01 3.795073e-02 1.752567e-03 2.463340e-04 1.864144e-04 6.546947e-05 4.455342e-05 5.749132e-03
10000.0 5.074570e-01 1.112311e-01 3.056477e-02 1.221843e-03 1.573985e-04 1.192392e-04 4.229248e-05 2.923180e-05 4.059355e-03
10000.0 5.345907e-01 8.906708e-02 2.398733e-02 8.189925e-04 9.628145e-05 7.307454e-05 2.632323e-05 1.846347e-05 2.773089e-03
10000.0 5.631752e-01 6.892516e-02 1.826629e-02 5.246125e-04 5.604431e-05 4.265354e-05 1.570140e-05 1.116133e-05 1.822784e-03
10000.0 5.932881e-01 5.117832e-02 1.341186e-02 3.177118e-04 3.065887e-05 2.342382e-05 8.873747e-06 6.383040e-06 1.141712e-03
10000.0 6.250111e-01 3.612616e-02 9.420496e-03 1.796676e-04 1.555128e-05 1.194336e-05 4.693239e-06 3.409765e-06 6.738932e-04
10000.0 6.584303e-01 2.393972e-02 6.262488e-03 9.327970e-05 7.181244e-06 5.553155e-06 2.283730e-06 1.672197e-06 3.692087e-04
10000.0 6.936365e-01 1.462346e-02 3.879148e-03 4.336133e-05 2.937018e-06 2.291428e-06 9.957355e-07 7.330227e-07 1.835255e-04
10000.0 7.307252e-01 7.986554e-03 2.181122e-03 1.725718e-05 1.006967e-06 7.937484e-07 3.660248e-07 2.700142e-07 7.897352e-05
10000.0 7.697969e-01 3.795189e-03 1.088556e-03 5.745739e-06 2.869529e-07 2.294718e-07 1.141901e-07 8.422598e-08 2.918944e-05
10000.0 8.109579e-01 1.458553e-03 4.527968e-04 1.439179e-06 6.021816e-08 4.908768e-08 2.676417e-08 1.968617e-08 8.394117e-06
10000.0 8.543197e-01 4.020598e-04 1.416737e-04 2.318754e-07 7.929806e-09 6.635601e-09 4.038685e-09 2.954378e-09 1.638428e-06
10000.0 9.000000e-01 6.147012e-05 2.672710e-05 1.722776e-08 4.709244e-10 4.091147e-10 2.849071e-10 2.067036e-10 1.630539e-07
